fn_video,frame_number,distance_face234_hand8,distance_face200_hand8,distance_face214_hand8,distance_face234_hand9,distance_face200_hand9,distance_face214_hand9,distance_face234_hand12,distance_face200_hand12,distance_face214_hand12,distance_hand0_hand4,distance_hand0_hand8,distance_hand0_hand12,distance_hand0_hand16,distance_hand0_hand20,thumb_index_angle,lip_width,lip_height,lip_area,lip_curvature,lip_velocity_x,lip_velocity_y,lip_acceleration_x,lip_acceleration_y,hand8_velocity_x,hand8_velocity_y
ssirt0667.mp4,1,,,,,,,,,,,,,,,,0.33801897230341116,0.16085078186206708,0.05437061597921608,7.739130005664475,,,,,,
ssirt0667.mp4,2,,,,,,,,,,,,,,,,0.33661012749791636,0.1550787746279545,0.0522010860997364,7.813161332683434,0.0032591935326228587,-0.00039381921852526207,,,,
ssirt0667.mp4,3,,,,,,,,,,,,,,,,0.333808320294888,0.1525764419463426,0.05093128580267911,7.912035910309937,-0.0009084393913691326,0.003069479282216831,-0.0041676329239919915,0.0034632985007420933,,
ssirt0667.mp4,4,,,,,,,,,,,,,,,,0.3342218845808378,0.15269305639174097,0.05103336106965581,7.911723128137316,-0.0008914137535121475,-0.00020106467564439526,1.7025637856985052e-05,-0.0032705439578612264,,
ssirt0667.mp4,5,,,,,,,,,,,,,,,,0.3382251575370038,0.15105488169427211,0.05109056115777865,7.958217527122701,0.0002274138770897293,-0.0041431078980317115,0.001118827630601877,-0.003942043222387316,,
ssirt0667.mp4,6,,,,,,,,,,,,,,,,0.3344300264212688,0.15251627795261757,0.05100602286536747,7.926872375383119,0.0008362831166419101,-0.0016593916325607755,0.0006088692395521808,0.002483716265470936,,
ssirt0667.mp4,7,,,,,,,,,,,,,,,,0.33292430310673554,0.16972052221694628,0.056504086581988064,7.340307965197474,0.0093584256087228,-0.028599828621095513,0.00852214249208089,-0.02694043698853474,,
ssirt0667.mp4,8,,,,,,,,,,,,,,,,0.3372684232114876,0.1688303015303553,0.05694112958746293,7.478015227349317,0.0003153796726841522,-0.0028955745526772487,-0.009043045936038647,0.025704254068418263,,
ssirt0667.mp4,9,,,,,,,,,,,,,,,,0.33605262429394417,0.1624818815877495,0.05460246270778111,7.52693409345282,-0.002871657585211484,0.0041048002128531175,-0.003187037257895636,0.007000374765530367,,
ssirt0667.mp4,10,,,,,,,,,,,,,,,,0.3293148987749424,0.19327553818354393,0.06364851429258629,7.1335327694485535,-0.012313995266229425,0.008908056950172551,-0.009442337681017942,0.0048032567373194335,,
ssirt0667.mp4,11,,,,,,,,,,,,,,,,0.32875656797890807,0.19927777352026416,0.06551387689700017,6.996135042579186,0.0013511059756507447,-0.003430057969687979,0.01366510124188017,-0.01233811491986053,,
ssirt0667.mp4,12,,,,,,,,,,,,,,,,0.3339263753920081,0.2331791422305072,0.0778646657820508,6.688813735572779,-0.023256210567981765,0.004272016298948885,-0.02460731654363251,0.007702074268636864,,
ssirt0667.mp4,13,,,,,,,,,,,,,,,,0.33041716647956115,0.30361539357091044,0.100319738043277,6.317880107369833,-0.0032405464054461606,-0.018740970871076706,0.020015664162535605,-0.02301298717002559,,
ssirt0667.mp4,14,2.289512943918926,1.321159425240854,1.5826042288330082,3.0910132431155573,2.162584260973623,2.421599278693375,2.065382897437825,0.9271029153419003,1.3216901599138164,0.899615796408346,0.9476350501049658,1.1864004525119942,1.0932301923463836,0.9103935807579194,0.2891621289142505,0.3333320873340554,0.3220600319112301,0.10735294268384282,6.244888208874399,-0.003043940825430976,0.001243884994385109,0.00019660558001518462,0.019984855865461816,,
ssirt0667.mp4,15,2.0933333913676497,1.1321280516941048,1.381626710393826,2.6047625617982835,1.6884990397409878,1.9305233411734581,1.7216430249369663,0.5738706444661499,0.9676742913054296,0.7983930900697036,0.834529736329701,1.1247424205465613,1.0685727643230345,0.8923741051279072,0.30766205875756353,0.34420422985006327,0.3204564685999216,0.110302471974907,6.384081804042907,-0.004339105419551626,-0.004656106581555491,-0.0012951645941206504,-0.0058999915759406,-0.009327523185334249,-0.10174774715066541
ssirt0667.mp4,16,1.8145610927747,0.9195576673146756,1.1074296801273642,2.2326063017350415,1.3497414267640275,1.5527909731616465,1.4236535273523623,0.29543470947517775,0.6647382927588927,0.7018039847544193,0.7623603300129069,1.0635352278635055,1.0054935452804383,0.85639797382197,0.261449031001909,0.34828224893165716,0.2930358227611006,0.1020591753687746,6.45308644280349,-0.016484465796530914,-0.0012809765625735408,-0.012145360376979289,0.0033751300189819506,-0.015366430837133084,-0.13472392446811804
ssirt0667.mp4,17,1.8163524134183264,0.911505128171178,1.110610828136251,2.227106099343036,1.330540831735839,1.545330527680486,1.4226693932710728,0.2917040963795805,0.6691660238834535,0.7252777957151174,0.7678225316639752,1.0647042762493288,1.005575817104774,0.8478372417824844,0.2820867588340809,0.3483606529311507,0.29802957388187384,0.10382177695028219,6.5660202137207575,0.00917438657093539,0.0007367642096449106,0.025658852367466303,0.002017740772218451,0.002711309384943989,0.003442537047569882
ssirt0667.mp4,18,1.6390689658031463,0.7790253624565517,0.9491438724040514,2.055582840081059,1.1924866168354171,1.3857726556579142,1.3428235651164189,0.28471761861539185,0.6078885223134881,0.6563162715899837,0.7388064454994288,0.969555030466541,0.9355459780415919,0.7771807619731769,0.16237488269561665,0.35199249513420267,0.26649090063748504,0.09380279704594924,6.673942511917632,-0.013509438267187734,-0.014378961914884136,-0.022683824838123125,-0.015115726124529046,0.018751297552421123,-0.08215108692260067
ssirt0667.mp4,19,1.6852648566770296,0.8273134616282604,1.0018780524617479,2.0454073928437286,1.1726805577307653,1.3755883494103125,1.3592520485236395,0.3057883349000498,0.6333521214271944,0.6719191312793602,0.728858896679839,0.9752382499569147,0.9307115110853798,0.7869477618808365,0.15892434854657117,0.36037819278509536,0.26106544205198495,0.09408229220533637,6.764103202127528,0.00386563053819547,-0.0037537477751349046,0.017375068805383205,0.010625214139749232,-0.00699318085042768,0.025372133017070902
ssirt0667.mp4,20,1.653113194624053,0.7946645545852914,0.9697522457118843,2.039090311658743,1.16864684690829,1.3694154664630498,1.3574467120503664,0.30008471142984044,0.6319789968312947,0.6754648125438827,0.737481211176282,0.9714682704116061,0.920221029844988,0.78614235267366,0.11876225436836274,0.3576783828453094,0.2594272253634243,0.09279151043403523,6.746399889399253,-0.0005440096667636662,0.0008018264685976342,-0.004409640204959136,0.004555574243732539,0.00989900201812019,-0.013566393079011965
ssirt0667.mp4,21,1.6385990903698437,0.8190854354588295,0.963119348101356,2.090723217933646,1.273325198243138,1.4403090459446701,1.316038086015394,0.29490154679978825,0.5854210054738546,0.6930597592052246,0.769832602378993,1.0128639129139823,0.9667943854514767,0.8175008425328644,0.16029693046828866,0.36765769560923733,0.2298705019762285,0.0845136590451188,7.202517939461862,0.004717317803374652,-0.010477861297819569,0.005261327470138319,-0.011279687766417204,-0.023945646296273645,-0.018212572253300478
ssirt0667.mp4,22,1.5926647861498224,0.776990039978179,0.9206452893946888,2.0772973711568916,1.2577940865915256,1.4294183056701675,1.300643787663383,0.2885777795601515,0.574927780658003,0.699590294929838,0.793659591986685,1.0186231803695622,0.9698167177914564,0.8257382724280024,0.15878349032825737,0.37328618996101715,0.2251644692224663,0.08405078683064915,7.325063010155005,0.004432746427765044,-0.0018255942878317218,-0.0002845713756096076,0.008652267009987847,0.0075290929626077455,-0.018601595818797518
ssirt0667.mp4,23,1.3620223216909566,0.563636364679921,0.6511158558063791,2.205041969076723,1.404463807183109,1.5622664933986212,1.2451309234468062,0.2787799206724179,0.4950306533281493,0.8485813678049541,1.0387534484967151,1.153119531976199,1.075500600541961,0.9088598563479978,1.123798592128146,0.3711101163278114,0.22949789770866041,0.08516899151564912,7.379046862928139,0.006674860784598008,-0.006812484690608638,0.002242114356832964,-0.004986890402776916,-0.00042519311187589714,-0.15339625184427882
ssirt0667.mp4,24,1.2982173302074607,0.4840861698007047,0.5657430789983083,2.4193012194744417,1.6210358141329264,1.7801838695143426,1.2993740797380546,0.35823645732094367,0.5484708376212744,0.9444241302028954,1.2568504580297009,1.280320914038534,1.1757964362189863,0.9759287641916201,1.4815834447973681,0.36831541254805344,0.22740300907850247,0.08375603310341738,7.559665989588769,0.0034760677291344544,0.00013073257640222727,-0.003198793055463554,0.006943217267010865,0.020896151652687343,-0.08072791574355463
ssirt0667.mp4,25,1.358586545103877,0.5482155937647991,0.6310626719286548,2.4978671440334117,1.7053177819754324,1.8621893820974764,1.3502793091867311,0.413128331314554,0.6002345655198267,0.9497640162810875,1.287315851877243,1.3038091651507622,1.2026548101091705,1.0086773534393512,1.5117410187861782,0.3796405755383717,0.22258862907740773,0.0845036752512442,7.54382512940809,0.006476633715263111,-0.0006958216043221607,0.0030005659861286563,-0.0008265541807243879,-0.019050701019668326,0.031926858588616915
ssirt0667.mp4,26,1.350674106806958,0.5550159536528282,0.6267112973927105,2.534626422629119,1.749746984415975,1.9030787421510966,1.3654626019250986,0.43005144385883354,0.617636263817185,0.9585799138408099,1.3022394174861023,1.3052783277987856,1.2081315942893727,1.018084643131047,1.4959773620971053,0.37526927536656474,0.22223705951481032,0.08339874028371899,7.554777817410905,0.000980595666096355,-0.0009546518369805717,-0.005496038049166756,-0.000258830232658411,-0.002571252863688081,-0.0018553972582732025
ssirt0667.mp4,27,1.4949693442348608,0.6095529971005795,0.7648362796067029,2.677016971540092,1.8708087932319024,2.0441457873078046,1.4960253554273752,0.4944102929657563,0.7491166062805932,1.0005077147774628,1.2938023142553408,1.3142343139378636,1.2047549134940907,1.0010540870475808,1.3847954842748564,0.3756923011085633,0.2321724948509909,0.08722541884468483,7.495864594985649,-0.0017353989444226937,0.0001578925225070402,-0.0027159946105190487,0.001112544359487612,0.018851366630735958,0.07098976773585837
ssirt0667.mp4,28,1.4451158307440384,0.5385807386563083,0.703202911332844,2.6532621284133655,1.8254467623258932,2.0104109958453713,1.480270156615676,0.4420106257201269,0.7257698817702959,1.0015186646868568,1.2931733357781845,1.2999668208846389,1.1959823757232702,0.9939998200377728,1.1921759860656187,0.3721450189530225,0.26115019895091784,0.09718574573817491,7.23505696760452,-0.005112555825054663,-6.48595727885146e-06,-0.0033771568806319693,-0.00016437847978589167,0.013083730576778552,-0.018302493764436805
ssirt0667.mp4,29,1.3936376143741958,0.527153832944932,0.6551221346703294,2.608029953630814,1.7809970372693442,1.9641878851965833,1.4053006785481155,0.39623760123976065,0.6481762394802433,0.9813991928879954,1.2875957339912394,1.3108067388182283,1.2052541809810444,1.0023861207289662,1.0293693639393429,0.3755503879232757,0.2612781004665185,0.09812309198605763,7.224731717637501,-0.001805528357500275,0.004565505865816158,0.003307027467554388,0.004571991823095009,-0.013676509253543153,-0.01826351103111718
ssirt0667.mp4,30,1.37156250502768,0.5321087420941157,0.6361194543568705,2.5729977315150627,1.7445856218338112,1.9271787374150813,1.3703152835923504,0.359859762417269,0.6104289256025144,0.9618869499756875,1.2760052378433593,1.3124792293699556,1.2029359183291786,1.011027462812308,0.8644168615707407,0.372476660492777,0.26666223785719717,0.09932545983657938,7.127962004984361,-0.0005521171133622305,0.0005152282313387629,0.0012534112441380447,-0.004050277634477395,-0.011001369414978021,-0.013563479421109224
ssirt0667.mp4,31,1.406188601064566,0.6672429329746216,0.7204478995708239,2.3711563353816407,1.5541684936787206,1.724487064509151,1.207582384525391,0.2546012460931197,0.44721522696761074,0.9348403974633658,1.0799620364612912,1.2547239692552943,1.1872420752218775,0.9916355655581778,0.5554591278627509,0.37497587630707696,0.23981537429463345,0.08992498012803984,7.174196707100836,-0.0022563023883804515,-2.270085047598011e-05,-0.0017041852750182209,-0.000537929081814743,-0.05299079674811748,0.06499416306875182
ssirt0667.mp4,32,1.2841334010352279,0.47709106710115085,0.560944896097201,2.275557768033912,1.472543530912812,1.6317353510449504,1.1641921817495753,0.20557244312782297,0.411691122392711,0.9078819607649561,1.0937894826653276,1.2176401741978833,1.1359829800311747,0.9434524514553325,0.4676019306663015,0.3580579719686213,0.22580600855732313,0.08085164148236428,7.224705886233601,-0.00037051030955438966,-0.0038510371343180544,0.0018857920788260618,-0.0038283362838420743,0.07150940355216795,-0.07895148866154211
ssirt0667.mp4,33,1.5786642518878344,0.7758850536911546,0.8940241518915637,2.1656420443384827,1.3763751357190133,1.5216288921278516,1.1892853637772178,0.19159230923802992,0.44826196089058595,0.871190319108718,0.8766820895001513,1.1573225251904848,1.0953133064240024,0.9111642677402141,0.3564842493762284,0.3595208828809486,0.22362774998779106,0.08039884611229067,7.18325392087061,-0.00285665880900414,-0.0046552958368956355,-0.0024861484994497503,-0.0008042587025775812,-0.033634061177699154,0.16762896834435909
ssirt0667.mp4,34,1.6398108409064354,0.8624621456811629,0.9763101757359217,2.1194460168732325,1.3221846589171216,1.4700392506990032,1.212529204132464,0.19802269491839855,0.48676333919958137,0.7929640327848554,0.7870774653654098,1.1016234315635478,1.03174435052039,0.8666211465635187,0.21640331002211374,0.3638091998733986,0.23183823686265298,0.08434488345306125,6.972788654077187,-0.003256355926313361,-0.0046713080439278,-0.000399697117309221,-1.6012207032164126e-05,0.004971906033622553,0.050524837452776736
ssirt0667.mp4,35,1.6730396328525456,0.8573811128993761,1.001889321461485,2.1014858138414865,1.2808552510534883,1.4481238950910857,1.2762956894752808,0.2240837624749131,0.5543749874190105,0.7445977116868873,0.7669748773950391,1.0687692129830828,1.0125673136636515,0.8482120730360257,0.18150583553703104,0.3588467307210593,0.23095786835719903,0.08287847599428567,6.919717400877932,-0.0006060316332426833,0.003609637911846179,0.002650324293070678,0.008280945955773979,0.01957134154559954,0.013377306728220274
ssirt0667.mp4,36,1.7459983794397358,0.9105569336693241,1.07804434150435,2.0794711230345984,1.244381514802524,1.4238723277898173,1.283172851003181,0.22305271761016968,0.564321242603531,0.6944195777478143,0.7202196520293604,1.0531609097046104,1.017059092280727,0.8349068181024687,0.1949477371092685,0.35467610364237656,0.24335337103642712,0.08631162544743755,6.7813561759481615,0.00438166951419409,0.00386846814450459,0.004987701147436773,0.000258830232658411,0.0062300034218337975,0.04102550892214292
ssirt0667.mp4,37,1.7428718526352254,0.910980716006489,1.067246742026427,2.096801426981425,1.26531076034642,1.4373065359981618,1.291595304516387,0.23333656486280518,0.5632474037848547,0.7008431994367387,0.7314493004690483,1.056563265156219,1.010843628955168,0.8385154568685436,0.21283209544888965,0.35153660817419985,0.2515221553691064,0.08841924537911977,6.756267228907753,0.004194792870097182,0.005504753554260213,-0.00018687664409690764,0.0016362854097556226,-0.008033457192668474,-0.001463460034873421
ssirt0667.mp4,38,1.7541937151244427,0.9252496166254062,1.0815744367220121,2.097474311812491,1.274484305428542,1.4411641763565486,1.2990091781160509,0.2514621262065041,0.5724779617066149,0.6850577053936587,0.7248196003786317,1.0504294195883368,1.015861865213125,0.8420866465226412,0.21526705707443025,0.3407813781304471,0.24068039016093867,0.08201939504801839,6.917100485657479,0.0005026616891109882,0.0037324657278144284,-0.003692131180986194,-0.0017722878264457842,0.004385557498436415,0.006653388056390751
ssirt0667.mp4,39,1.6755030119419685,0.8633302626444714,1.0001392314667115,2.2192756996374534,1.401246082032242,1.5640172569034423,1.2767071081684855,0.2525880441030247,0.5320496505952692,0.7225160333956553,0.8242320904481102,1.1196248326283236,1.0684155552344472,0.8955163806936453,0.18256895425343178,0.35163844913215236,0.2606008363630311,0.09163727394123808,6.769443299230297,0.01272423206411678,-0.004489295867790031,0.012221570375005791,-0.00822176159560446,-0.01941802285733805,-0.043545923478976276
ssirt0667.mp4,40,1.8096399318015397,1.0095947477705627,1.145088711483199,2.3073452714247824,1.5017267378422143,1.6611377996515413,1.2783859510793287,0.2924067081619446,0.5290204104604929,0.7492514284921065,0.8094867948961807,1.167402340070077,1.1146878312125328,0.9218031067422227,0.24821974636307598,0.3488533891541292,0.26152695994344705,0.09123456633144769,6.9216554629805165,0.007864628572937323,-3.871305750852218e-05,-0.004859603491179457,0.004450582810281508,-0.03206651322602436,0.06562723060134416
ssirt0667.mp4,41,1.8902838788187324,1.0864165174221094,1.2280879038259351,2.341319715594291,1.54019708107443,1.6989741853153872,1.283200740394937,0.3122200968152898,0.5329648894214646,0.7650626840454647,0.8074342729299749,1.2018070979652276,1.1355290212604126,0.9429183093444898,0.2631940847074345,0.35171034638263426,0.26142702667115325,0.09194659010429347,6.990371743628043,0.005495227304506899,-0.003376954194467005,-0.002369401268430424,-0.003338241136958483,-0.013503297314773293,0.035987091111568136
ssirt0667.mp4,42,1.8889712097863294,1.0959429560899039,1.2242828706333613,2.465401284080525,1.6669834974975934,1.825045082229049,1.3180705023197132,0.36473432123239163,0.5623109172379416,0.8023933297855161,0.870015080237295,1.2398631358355288,1.1645575020467753,0.9639453660163226,0.28201800362024626,0.3593889059884603,0.26182072335326984,0.09409546333103896,6.8873160064772145,0.0011974698626079508,-0.011930513042117332,-0.004297757441898948,-0.008553558847650328,-0.02445824914523178,-0.00889770840919883
ssirt0667.mp4,43,1.9757736429998745,1.1869053660492097,1.3180464253131556,2.5790425069576504,1.7876211343580974,1.9454154390478888,1.3814651856958187,0.442005894583306,0.6313698106257916,0.8215799324843643,0.8918555843672648,1.2687312565755122,1.1926726612980239,0.9859635877465184,0.2991882063772882,0.36603503424487543,0.25143106033278445,0.0920325767791361,6.986155223676044,0.005555627781666204,0.000349633634563464,0.004358157919058253,0.012280146676680797,-0.01753559891024287,0.04087239117580576
ssirt0667.mp4,44,2.042395964607651,1.269075794379789,1.3954264128434335,2.678682367369401,1.8978739659571162,2.056862547961953,1.4530165045094565,0.5314530210255117,0.7164124659829403,0.8512023031511449,0.9181273179128675,1.2769030645119064,1.2068218556376504,0.9968294078483355,0.3131835035506331,0.357434850191519,0.2607310946259672,0.09319437974790336,6.860330483759297,0.006469742385654331,-0.006463864486870749,0.0009141146039881275,-0.006813498121434213,-0.027289721800923306,0.026798418795943833
ssirt0667.mp4,45,2.112899942594658,1.3629018648031406,1.4762724811701324,2.7920771452310023,2.022500438757733,2.175052263582392,1.4889821314755445,0.5926884870483824,0.7568764992511435,0.8686678648900448,0.9386178390258495,1.3151071296342784,1.2363869888666115,1.024023079946273,0.3147330629000919,0.3622491797295939,0.25784448156022965,0.0934039519429956,6.986378600321077,0.0005687373788892874,-0.0014104930219852284,-0.005901005006765043,0.005053371464885521,-0.03138351162523694,0.02981274860277291
ssirt0667.mp4,46,2.0742964352752797,1.2888110924909428,1.4237931828737005,2.776130600210326,2.009623987331878,2.1593093145623556,1.518019767787621,0.6220954283405045,0.7886515405701456,0.8457806593342841,0.9602782516383865,1.2993842365476072,1.2331464987289722,1.0217986101416638,0.3038009006221769,0.3613222832641115,0.2550523566193886,0.09215609984560989,6.990036607980984,0.00020349690962396456,0.0006504199033702004,-0.00036524046926532285,0.002060912925355429,0.04499190156643325,-0.014450135662202039
ssirt0667.mp4,47,2.068109414050124,1.2840311246257152,1.4162964524473036,2.7723405618940538,2.004560633910774,2.1545029061832057,1.5074317239833372,0.613498454470644,0.7770785800123997,0.8460735785387195,0.959607730685124,1.2983692895762673,1.2312741208614721,1.0193049035635822,0.30906607058115887,0.3634166142808689,0.25865505942603073,0.09399954596322503,6.9757229342715075,0.0002513308445554941,-0.001401372144562221,4.783393493152952e-05,-0.0020517920479324213,-0.003608916960912624,-0.004591924854720228
ssirt0667.mp4,48,1.8856459232597955,1.191959218899136,1.2565384815839133,2.641889909065896,1.9107519309756422,2.0308275362054116,1.3628201363190016,0.5681019902046409,0.6392222704897215,0.8242072405262741,0.962321303608557,1.2791998168750276,1.2072033981033627,1.0090943017705045,0.29150233734825165,0.35111124168434243,0.25822143747704907,0.0906644495420825,6.827925598888415,0.0019453818113255097,0.00043962629180715053,0.0016940509667700157,0.0018409984363693716,-0.0437137099857893,-0.09067464146870266
ssirt0667.mp4,49,1.6852156664446905,1.0347932517300633,1.0543821660560069,2.4909009701308578,1.7664329519064819,1.8749381089124062,1.2640995125883265,0.5272698686911219,0.5370024926415652,0.8447849201373819,0.9755578659722991,1.24189367244581,1.166511112954389,0.9830627307453506,0.31783099191145303,0.3339943832036852,0.2766664203512548,0.09240503041838885,6.702453215987105,-0.002750451258562947,0.001560480784059046,-0.004695833069888457,0.0011208544922518954,-0.0015609168681721952,-0.11030807406891924
ssirt0667.mp4,50,1.5395204319521054,0.9330753272878886,0.9122432828325983,2.402769166824532,1.6898010302354673,1.7882122737822472,1.2038324642727287,0.5130921358545414,0.47993350992188516,0.8817437773823465,1.0148031122063035,1.2309047519801568,1.137904409810124,0.9703314050056507,0.2904226495859481,0.3319225226205928,0.26846473490711525,0.08910949204503842,6.689452030334005,0.0001625543043012147,0.006173415212476428,0.0029130055628641617,0.004612934428417382,0.007348647114562301,-0.07471181500016709
ssirt0667.mp4,51,0.9508238020936747,0.8878607155055769,0.5560331790739906,2.0852771784618103,1.4029333874938597,1.475778885890976,0.9941598607130105,0.49905005739960717,0.3050943815467868,0.7308156714955867,1.2680243762186925,1.2427257591324663,0.672346166337894,0.5759553123438528,0.5551313317469893,0.3181790286590898,0.28925348922706573,0.09203439423852028,6.456992462880352,-0.013457550608956922,0.005743517856588309,-0.013620104913258137,-0.0004298973558881187,-0.03333244734928435,-0.3814832197866702
ssirt0667.mp4,52,0.8644453416042536,1.102047288476931,0.711813863711657,1.894804450311336,1.2075687204526435,1.278726383848693,0.8971477377552218,0.49531609828084733,0.22451531495709864,0.6269785795029049,1.30329470946017,1.212272724683398,0.5240352698624698,0.43728352868090564,0.8480968667063787,0.3044238977476205,0.2942126122690536,0.0895653501934547,6.128690576633486,-0.008129742076710376,0.00010701829510104909,0.005327808532246545,-0.00563649956148726,-0.07525837703433648,-0.10809711007554926
ssirt0667.mp4,53,0.8506412407496685,1.1164583734010798,0.7245802181908394,1.8252725362313258,1.144185482526244,1.2085271021815691,0.8814263766463513,0.4997147823446225,0.2329264038470142,0.6236416211539348,1.2832878452484022,1.1957411456229778,0.5144933717022897,0.4181896493273373,0.8791862483071516,0.2983595009005678,0.2986283451670293,0.08909860401879735,6.11553484916013,-0.003315945658812809,-0.0010409961432556593,0.004813796417897568,-0.0011480144383567083,-5.988069344944109e-05,-0.016717162452459067
ssirt0667.mp4,54,0.805169220274936,1.0631477764224293,0.6721948511056676,1.7403433087622233,1.020222179528031,1.101666075624528,0.9041945845299811,0.4170317019896347,0.22054797920826089,0.6097792548247439,1.244127131857693,1.1384322492490717,0.47865146385858615,0.3860933155582903,0.9461442926867372,0.28702796883390974,0.311678484080497,0.08946044221485712,5.764220191528657,-0.007034831413574264,-0.005913368862828232,-0.0037188857547614555,-0.004872372719572573,0.03339785394565279,-0.014910091726986504
ssirt0667.mp4,55,0.7986726551146907,1.0309221102823212,0.6420546081062365,1.6990264965460196,0.9407748181273425,1.0412376032678847,0.9353960306087615,0.3897388956084458,0.24804301186989158,0.5806146877623722,1.2135690579205696,1.101741867569912,0.44689626939610966,0.34426377910584105,0.8986799138259807,0.2736695964967169,0.31519298506335885,0.08625873704088513,5.50867951177322,-0.0006117068458616783,-0.006835793599579511,0.006423124567712586,-0.0009224247367512787,0.028008491064240925,-0.008176929726638128
ssirt0667.mp4,56,0.814636168197948,1.0080557711583464,0.6276303257918892,1.716989478821188,0.9404902581614693,1.0532581015926332,0.9586653166880394,0.37198032303739803,0.26217852882478676,0.5428322848343241,1.2067674767096892,1.0907815676124144,0.44433889014064787,0.345258952103876,0.862771553563054,0.27825376540557667,0.31423240400057545,0.08743634962560651,5.563359572309966,-7.256164705715071e-05,0.004681239666011041,0.0005391451988045275,0.011517033265590552,0.012180697568853087,0.004378625002047322
ssirt0667.mp4,57,0.7799168188202592,0.9447235989888837,0.5655935579059689,1.7220866607316885,0.9336478691104598,1.0472817060813866,0.9949512764999148,0.3246572770852717,0.2808206537243225,0.5152453735071488,1.1933552344602942,1.0630331031402631,0.41595045301717404,0.32270861691021574,0.8609576462663594,0.2662418832625954,0.2891659821592135,0.07698809566554707,5.688607980913663,0.003205684385072334,0.01320054455178281,0.0032782460321294847,0.00851930488577177,0.04074609917636625,0.0019016139008684086
ssirt0667.mp4,58,0.7968663724104406,0.9393163523228005,0.5632136955298245,1.7457662167063601,0.9474066912921617,1.0664305061304302,1.0142633905987248,0.33624190710099283,0.30146123386902157,0.5322190119816692,1.2014678132208465,1.0715474455572238,0.4074707364133348,0.32402131195622896,0.8270621248110753,0.262780353940458,0.2907843951753999,0.0764124262845536,5.612108545666777,0.001115584651962451,-0.0014080607880060365,-0.0020900997331098833,-0.014608605339788847,0.009298587548231162,0.00015452433980745034
ssirt0667.mp4,59,0.7927947931108941,0.9185711679516652,0.5442021695810502,1.773033809485766,0.9781206763514212,1.0947265118245064,1.0115486222535546,0.3482523826588709,0.29255696268222026,0.5267990847180793,1.2067540182887437,1.072583521685347,0.4121666756119751,0.3232935996672627,0.7380140694063746,0.2781360779041312,0.2713657370277128,0.0754766017744519,5.787006078276043,0.004202089572035889,0.007024291732996131,0.003086504920073438,0.008432352521002167,0.017274173466693465,0.0017974255131046806
ssirt0667.mp4,60,0.7662429158848645,0.8922945622552834,0.5128919099553223,1.7942909296229193,1.01695778799705,1.1244498122934732,0.9766847519407749,0.35797896258297335,0.25166491536149393,0.5496142318610436,1.226720917742123,1.0996615584075726,0.42737877674532265,0.3350024444012546,0.7410580864558255,0.2852907236310142,0.27055236409561756,0.07718607973292035,5.814549937791272,-0.00047347488135615655,0.003443840628905161,-0.004675564453392045,-0.00358045110409097,0.011090989513227855,0.002619478925526557
ssirt0667.mp4,61,0.8342202726811971,0.6561762481115585,0.30652120057314536,1.9378047894212822,1.1648523379536462,1.2826732047916347,0.9485819841632135,0.377400040035453,0.2011601844644014,0.7794983922632313,1.2018495373962836,1.1448209861069663,0.9286661491415765,0.8020665245787884,0.731440531044106,0.28913074893598195,0.2286357552472708,0.06610562714818727,6.935715770575592,0.02186213512535863,0.022904752757934,0.022335610006714787,0.01946091212902884,0.07371192798471603,0.09269893041437288
ssirt0667.mp4,62,0.8241093014269439,0.6462105236060388,0.28251658645240235,1.9418515739038205,1.1694752921571372,1.2904698061140414,0.913512400508236,0.40047378205609063,0.16804807934637955,0.7890662277907701,1.2009819266413813,1.1597977478971353,0.9557359707225612,0.8143151140996976,0.7514873136324721,0.29209794887161766,0.22822183570536705,0.06666313009725303,6.88319227394267,-0.0006753503016604083,5.371183371586618e-05,-0.022537485427019038,-0.022851040924218136,-0.00027066877206844683,0.007784088264578688
ssirt0667.mp4,63,1.0672631095341354,0.47097599163973713,0.35266141713942634,2.088311281611145,1.282978071735422,1.4307327963752132,1.0681628249687873,0.3377498480439311,0.31488924560816345,0.8593829600509078,1.1660801030911994,1.179545121931272,1.0916598903698134,0.9131759824971374,1.1443577437596149,0.3143608022533608,0.18223422728005545,0.05728729788577953,7.388011976688319,0.01034469648743815,0.007186237978802076,0.011020046789098558,0.00713252614508621,0.060752379517171544,0.10947115095409717
ssirt0667.mp4,64,1.1626887794348777,0.3961454166184538,0.42445318213682476,2.1998056921143463,1.3598433056230184,1.5334839441380366,1.1666060470813047,0.2577196877740596,0.415273702268051,0.8652933616643527,1.17426706907365,1.1857810993630968,1.1045198870076927,0.9200050343366152,1.3073265818611184,0.33739541021066366,0.14881734681020395,0.05021028977349136,7.993212592012898,-0.00022498164311016,0.0017108739184620366,-0.010569678130548309,-0.005475364060340039,0.043894356775759265,0.031350155265798846
ssirt0667.mp4,65,1.1614715591518734,0.38729783734152734,0.4177573425840719,2.185525777525565,1.3521704006762998,1.5187956680625359,1.1635908827728296,0.25885239117005604,0.4064132069862439,0.8644593492676637,1.1676220472554288,1.1746492690695784,1.0903333498670023,0.9131574488587388,1.3110607048513923,0.34194971027669757,0.15422785402527975,0.052738170000541214,7.929740538975093,0.006540682543391769,-0.0014567054675966675,0.006765664186501929,-0.0031675793860587043,0.0009631146432992321,0.007110329992310312
ssirt0667.mp4,66,1.2923992580953252,0.3182125222295155,0.5298597195469665,2.238166346933413,1.3676002594537071,1.5621897674410505,1.324512428540332,0.24785112991812985,0.5701254811165042,0.8664127708165176,1.1100160727408555,1.1084169470519591,1.0274416049269008,0.8586578390709588,1.3439933775169477,0.3346238016931277,0.18470334497199367,0.06180613547996577,7.822851428179189,-0.02603503788963969,-0.02482642028795909,-0.03257572043303146,-0.02336971482036242,0.05034820950129332,0.08392922201096996
ssirt0667.mp4,67,1.3000117874215351,0.30181378016230087,0.5444244537004467,2.2319291270599764,1.3625108327845759,1.5599329556225496,1.3591482282223988,0.28119929402629557,0.618450492150411,0.8469356442206654,1.0834424300585455,1.0678451608586939,0.9749535901219666,0.8154826846604276,1.1088760237219468,0.3490346211522381,0.21569605066559158,0.07528538932809871,7.162010885498578,-0.003397020124798452,-0.02130211325156242,0.022638017764841235,0.0035243070363966678,0.006487209084972336,0.019072804631344482
ssirt0667.mp4,68,1.2850436633756355,0.27235520151698805,0.5311488000603735,2.2155783930115938,1.3378770387566536,1.5449052039360571,1.3377645840526031,0.26581000014345185,0.6049578511011673,0.8167068291062154,1.0782041752539964,1.060383988417389,0.9297165414669859,0.768591940360636,0.9433018780613316,0.3531645340138303,0.22275776206533143,0.07867014123776646,7.170943086882295,0.003251491458354222,-0.0015416309707173839,0.006648511583152675,0.019760482280845038,0.007558832367408139,-0.0004591522970873445
ssirt0667.mp4,69,1.2148130387208422,0.26331882053237093,0.46065348991696287,2.1544698149824137,1.3019014756760259,1.4890068094438105,1.301335826417337,0.22521423409914773,0.5556238108660494,0.5549608072568146,1.0849848028345792,1.0742699980918973,0.4518096350460767,0.3853354593859799,0.39448999982091826,0.33991388259512223,0.2803419686912805,0.09529212703221335,6.529501618566706,-0.010118093355008278,-0.008939270619577024,-0.0133695848133625,-0.007397639648859641,-0.019405162574181126,-0.021214041776972444
ssirt0667.mp4,70,1.2195731392484026,0.26511213271924994,0.4653956989572418,2.159205633058777,1.3019583958029821,1.4941493107642025,1.2967246446385308,0.21094754168065968,0.5506752027838153,0.5596636585057955,1.0888136094339658,1.0868885068784375,0.4534884803286981,0.38607280862643234,0.3225543422346522,0.34296853006911693,0.2774508426613299,0.09515690767399415,6.496955986148409,0.004579896583528987,-0.001764991124507076,0.014697989938537265,0.007174279495069948,-0.0009012245306065211,0.0010706185728141682
ssirt0667.mp4,71,1.1712024977937534,0.2623109774308319,0.416406962780496,2.1679733302553204,1.3071753339813375,1.5080668753348878,1.2602070160153993,0.1846816975260659,0.5143694968072713,0.5618256738902399,1.1190622976392088,1.1030802368188721,0.41320750161781705,0.3186018300003504,0.23878215025823696,0.3507885528446191,0.31371310112572964,0.11004696475229234,6.323141771429556,0.0007361561511496407,-0.0044078160294744595,-0.0038437404323793467,-0.0026428249049673834,-0.014557036765943995,-0.03232633113417915
ssirt0667.mp4,72,1.093979556549253,0.4236674241489958,0.37017845249518283,2.201403689864767,1.3737621200435355,1.5636101142715,1.1538826539747407,0.2826038036270032,0.4040490441881266,0.5732706926650485,1.188971612282673,1.1823557996759309,0.4474356871709174,0.355528446259949,0.29224185940357916,0.3547379995234756,0.3257127605709412,0.11554269310420445,6.330402071629827,0.0041891176574781865,-0.007556140229861951,0.003452961506328546,-0.0031483242003874914,-0.07709458433883647,-0.03763099699448719
ssirt0667.mp4,73,1.0842499002355777,0.532504840639782,0.40016526986532663,2.2568309554713806,1.4196035288082338,1.6157588257870352,1.2293700472971076,0.3283833870109545,0.47950102991688265,0.8061327567278815,1.2179428620703214,1.1593458082760681,0.5152124805472651,0.43656627343273685,0.7132129091980538,0.36102501621509786,0.3349664549177962,0.12093126981821122,6.415374852917321,0.004637054082048866,-0.0024648664521288964,0.0004479364245706793,0.0050912737777330545,-0.039066727043803484,-0.033585232290087697
ssirt0667.mp4,74,1.0789554647067245,0.5280809404176972,0.3933270755208842,2.2532633571731275,1.4191498961585638,1.6111807285496944,1.2248469426916986,0.3152015944987143,0.4726389223823841,0.8091697539513731,1.2273768061210648,1.1678330523395446,0.5307619116514578,0.42250142092608345,0.7401384501778699,0.3623862942298349,0.3376276300999954,0.1223516257015388,6.434257619642105,0.004759476525687187,-0.0038494156449983413,0.00012242244363832103,-0.001384549192869445,0.0031246469232845938,-0.002742555854177022
ssirt0667.mp4,75,1.1452034022140911,0.6446211661222431,0.5039763069257623,2.28613147338737,1.4953414036197175,1.6594328179232587,1.258781049893598,0.37975753360792386,0.5190687654885073,0.8480454012028249,1.1561859943885409,1.126783489040923,1.0048999877210008,0.8658565685212829,0.5474641416237465,0.3652740729451811,0.31527783388490305,0.11516281849247277,6.614187462103755,-0.002531144828071782,0.0010598459565976989,-0.007290621353758969,0.00490926160159604,-0.07528470042642332,0.08115049661041446
ssirt0667.mp4,76,1.3633076995601339,0.7649604980305358,0.7310497977716511,2.2992994931441144,1.5252677257123752,1.6722382289055187,1.3058605451413572,0.4796090352914264,0.5785400903967408,0.7464878304415036,0.9922268206418429,1.0640239160801155,1.0452629032005099,0.9190231016668672,0.23522967137131567,0.3667501932077607,0.31473701250512626,0.11542986014588845,6.767034116721563,0.006091124629501377,0.00030889371540492326,0.008622269457573158,-0.0007509522411927756,-0.025493100055515746,0.1282025552560101
ssirt0667.mp4,77,1.3719382037007604,0.7645913140147789,0.7359955351884081,2.306860130743824,1.5390570628403775,1.6858424337396858,1.3081611341529569,0.4761236113348814,0.5817023571709555,0.7890538859888317,0.987408748417152,1.0563303576157432,1.0438405587162811,0.9105358206049208,0.24010006576867954,0.3661851121652592,0.31528891057317576,0.11545410508270074,6.674506612229635,-0.0017743146880958025,-0.0006196116062952785,-0.00786543931759718,-0.0009285053217002017,0.0009086593818066196,-0.0018977960043060087
ssirt0667.mp4,78,1.3467996213487656,0.7718559131349598,0.7237088355198747,2.2920207567528723,1.5228582630500187,1.6683375325734915,1.2939203041210996,0.48578105064226096,0.5710060315158805,0.7622906925402232,0.9829081152495343,1.050581120708247,1.0418038776567324,0.899506999750986,0.22017636667205856,0.3673322599621655,0.31376849953180336,0.115257292037955,6.727419162335381,0.0014504221964831577,0.0009238435399067823,0.00322473688457896,0.0015434551462020609,-0.007858235834655345,-0.006702518356888886
ssirt0667.mp4,79,1.6983813878237866,1.0282434786027648,1.068796418062256,2.324259957890349,1.5992866055231036,1.7099705307763235,1.3046758648690724,0.5862845325042184,0.6003871095684227,0.7251358485399132,0.8210119322650037,1.064261281307906,1.0647842513481196,0.9167133211080065,0.28410096284371184,0.36708804545189094,0.2657296167596114,0.09754616563496578,6.770195900094048,-0.004341132281201267,0.00044165315345641405,-0.005791554477684425,-0.00048219038645036825,-0.030262255687492374,0.16990523846313516
ssirt0667.mp4,80,1.653770530559351,1.024156668900166,1.040162614652889,2.3521839096874246,1.6375934947608297,1.7443607133041743,1.2760291595597404,0.5914804009870882,0.5790007113728034,0.7427715767483026,0.8670869844327319,1.106186945647237,1.0997365763340374,0.9571373269826202,0.23441364481707921,0.3608438027539216,0.23973509798426196,0.08650692441022509,7.017050776486882,0.004009943087649915,0.007603568792463552,0.008351075368851182,0.007161915639007138,-0.012981551608258467,-0.02249524748648148
ssirt0667.mp4,81,1.5795306453745166,0.9730557995795418,0.9623855446028972,2.334049109170851,1.6205729157464974,1.724625252076285,1.1755184947622261,0.5744185187735418,0.4870966516711124,0.8558675448291448,0.9155800775189381,1.1591392348694187,1.136748479546842,0.9776627483616388,0.6535593635089725,0.3605736039170073,0.23643511886326027,0.08525226290107175,6.98597317735948,0.0003097044600651572,-0.004943110191144668,-0.0037002386275847583,-0.012546678983608221,-0.0032021100351124587,-0.05070267105580612
ssirt0667.mp4,82,1.230453054719353,0.7490593962541173,0.6115799081928943,2.311377798397533,1.589234984861101,1.6950920959425184,1.0975619478212648,0.5585629511999735,0.4165563476501517,0.8683245729611824,1.1314634508911652,1.2288624352688013,1.166675237050497,0.9996419550524779,1.0542155927877457,0.36181379051631524,0.22687207252168762,0.08208544452136417,6.98229203674396,0.00028578749259939245,0.0018387688885547664,-2.3916967465764747e-05,0.006781879079699435,0.03832484945918826,-0.2079001412825785
ssirt0667.mp4,83,1.2263800203135944,0.7567482389029441,0.614441530522082,2.2882919637337356,1.5728262955470362,1.6763092907137704,1.0670785378945167,0.5588455089794491,0.3908293323437998,0.8664049547686962,1.1282806425969865,1.2303657985512557,1.1750130803882646,0.9967989318197747,1.0440319961362685,0.3616904198834919,0.23151859066715974,0.08373805626923929,6.9341135002575065,-0.0006919705671874652,-0.0010393746539359464,-0.0009777580597868576,-0.0028781435424907126,-0.005301048905670153,0.005556044207641281
ssirt0667.mp4,84,1.096565442981246,0.6158949962116571,0.4572418125424461,2.2419829894322967,1.458157209945728,1.6176728500080244,1.099027913918577,0.47380294962147496,0.39455099462027543,0.8711397430680956,1.2209712549329816,1.2176399874420718,1.1472767874378969,0.9706065165896133,1.297141179799058,0.34900883967956614,0.27242179039890024,0.09507761297055015,6.461382934513925,-0.00576561064856902,0.002466690627613196,-0.005073640081381554,0.0035060652815491426,0.08423867257443371,-0.11654993306428833
ssirt0667.mp4,85,1.0921327186293615,0.49466459335238655,0.39342344101825477,2.163525391226314,1.3538259207887426,1.5328887006171124,1.1080886068177518,0.3633343586010432,0.368725943859763,0.8717282941548584,1.1925970289517456,1.1893884175356186,1.1211084476600264,0.9481804671600053,1.3719371879006452,0.3475167184793132,0.32744448324417047,0.11379243230116858,6.069727471238146,-0.01182187325769657,0.002362509938821267,-0.006056262609127551,-0.00010418068879192903,0.058670018355371015,0.022373878564187794
ssirt0667.mp4,86,1.1566923791972068,0.3839630503051766,0.41400037112641247,2.1435729209373644,1.286664278256803,1.4919500582189797,1.1804262006686137,0.25808787681152556,0.42484077248162533,0.8643656066519944,1.1454642823236876,1.1431959382022727,1.074091109308977,0.9009295125792685,1.4356895769140035,0.3597458076380496,0.35698308243977,0.1284231673054155,5.810992717884753,-0.007438987626512696,-0.007516008369199057,0.004382885631183875,-0.009878518308020324,0.05466926464202077,0.036984365882002955
ssirt0667.mp4,87,1.16052351034,0.3845288630157071,0.42420847278461854,2.1274216745531604,1.2809957703869377,1.478347535276451,1.1800755160118614,0.2492028830976362,0.4321360347581709,0.8592434959270138,1.1460684692071847,1.1498282669910844,1.0698978909134955,0.900090662400779,1.4439704558622244,0.3556316757074628,0.39943832090681863,0.14205291940586717,5.633208588073066,0.008445527121724456,-0.01363753592344505,0.01588451474823715,-0.006121527554245994,0.0007489105519666676,-0.005705846412226861
ssirt0667.mp4,88,1.2200725807296307,0.2846184078391415,0.4614765924567355,2.12223896510793,1.2264901984943162,1.4558134549803998,1.2664359966107872,0.18105383434792252,0.5148512458208631,0.8482499527886673,1.0924832996734406,1.0873356927574305,1.00568645541885,0.8362178994106427,1.4131645076881467,0.3580209227465685,0.37011673728543487,0.13250953580688066,5.639749343095803,-0.005858440912122581,0.002180903135013803,-0.014303968033847037,0.015818439058458852,0.04518942747804667,0.03902533300739231
ssirt0667.mp4,89,1.1824226850203596,0.30883508174838464,0.43572636921272706,2.1161105278427663,1.2392394099375144,1.4577975974520652,1.2756061755907024,0.1994620142445507,0.52957442409606,0.8366701931173922,1.1133672708595874,1.0752190351420727,0.9923138376368793,0.8285103336108561,1.3521648925058072,0.3556850672901117,0.3807485770942409,0.13542658326437937,5.63146266753856,-0.0004345591376830478,-0.0017295210456387345,0.0054238817744395335,-0.003910424180652537,-0.0025196107891360463,-0.030830017094678266
ssirt0667.mp4,90,1.1207892125466297,0.33995539311301054,0.3679955705548389,2.0927383812829072,1.2514035529167526,1.436462558718412,1.2562864768365791,0.21463095035727484,0.5005874251844084,0.8241354133941178,1.1035677514089122,1.059123586038912,1.00315347725739,0.8355507622445428,1.1403006613462792,0.32632992313754244,0.3714077862263444,0.12120147433192777,5.5532623967784405,-0.00788124883846438,0.011285160292871611,-0.0074466897007813325,0.013014681338510345,-0.03423146151872328,-0.005053990809710313
ssirt0667.mp4,91,1.124760708999724,0.3706434032453852,0.38719146067350113,2.0726059075694367,1.2396540988220939,1.425677391851852,1.2008893931316555,0.18269420822292035,0.4553074759112458,0.8329164200101198,1.0644632445305815,1.0738636343096852,1.0222046498817123,0.8612729567415863,0.9968994155834756,0.31495690920241126,0.3569955177252239,0.11243820486185115,5.576548765625663,0.005034318965378517,0.0024910129674092663,0.012915567803842898,-0.008794147325462345,-0.025539115756186625,0.03488482418567265
ssirt0667.mp4,92,1.1190638106301685,0.37546748493898735,0.37629168554214265,2.0710089458848304,1.2365374881261335,1.418584162862845,1.2007962797198801,0.18561612469149597,0.4475027695921122,0.8314483968028858,1.0673152718277554,1.0747503015332567,1.0225187877803632,0.8610815873418638,0.9956569148580988,0.31666193459242625,0.35036827455072517,0.11094829563904297,5.55540359905244,-0.0023872376509472652,-0.0012376017232712216,-0.007421556616325782,-0.003728614690680488,-0.001964006368371937,-0.002545632768336578
ssirt0667.mp4,93,1.6141086316549274,0.8230589788264326,0.9397693430500206,2.142862752495971,1.3487982395770435,1.5133036730582592,1.1150402786427391,0.3459945761960224,0.39004813350439216,0.7562853999378859,0.8222559984704245,1.1746381550143625,1.066521902752484,0.8736490951674394,0.3962131386151237,0.2596950507000688,0.37839046601282783,0.09826613125562399,5.094709286103366,0.0027155892381891204,-0.018578416566774735,0.005102826889136386,-0.017340814843503513,-0.10283383825165276,0.24892233466297004
ssirt0667.mp4,94,1.3603887090090478,0.558798404892379,0.6625320716521024,2.085499211052189,1.3103920719374726,1.462784807357951,1.140724933987957,0.31087251149169437,0.3970250478286558,0.7370931637973018,0.9333700919994199,1.1015028308906758,0.9780558572545887,0.8320355745630114,0.27268517599606434,0.2650467474421364,0.3693616812477722,0.09789811224448117,5.277112694276526,0.001976190108400054,7.073747157247374e-05,-0.0007393991297890662,0.01864915403834721,0.05846867454719538,-0.11443160329803345
ssirt0667.mp4,95,1.3103468574988666,0.5234289086129958,0.6084801343340706,2.074208899797653,1.2985855105358584,1.45122225946495,1.1409153454368228,0.30272148997642634,0.39452501054582645,0.7516253436857128,0.9630641884938838,1.101904304997566,0.9774426486713412,0.8418154019479448,0.272172233919764,0.2698225385409656,0.36146425123013165,0.09753120185872347,5.36956732476954,-0.001323540657215626,-0.0019358555615725742,-0.00329973076561568,-0.002006593033145048,0.002021676700653781,-0.02644526336393897
ssirt0667.mp4,96,0.8083297236321444,0.5151589139601472,0.16269055415289146,1.8700811768921441,1.117691233014149,1.2395333317136707,1.990225783377981,1.1632470440849876,1.3386915284340848,0.7144764675384159,1.1688670376897552,0.5225846207249849,0.44309888805776765,0.3748190823780903,0.2490863617836151,0.3256245987953047,0.3015464443721312,0.09819093996682589,6.220955385272195,-0.006762015835532575,0.017792196932879718,-0.005438475178316949,0.01972805249445229,0.006158267154849064,-0.28328310230999754
ssirt0667.mp4,97,0.8333273831893212,0.5082968044903391,0.18845064759778793,1.857843706686994,1.0989805399039596,1.2226794721639946,2.0027223895581434,1.1666983734961538,1.3469191780493222,0.6942661023236533,1.1678174116171771,0.513647328064281,0.43479444739098144,0.3696117727117291,0.3025370550250564,0.3325996891878849,0.2921856247983939,0.09718084799311376,6.3223903900549026,0.006179495797425728,0.006503793661368301,0.012941511632958303,-0.011288403271511416,0.005826512037785214,-0.006167209070481615
ssirt0667.mp4,98,0.8213193474157277,0.4339154829765295,0.14245705952682297,1.7880812647426603,1.000335097264658,1.1395152405148687,1.9964682730516272,1.148902175639153,1.3405044838737306,0.5645041323007454,1.1397434868510556,0.4840910066533858,0.3830823158167848,0.30247762327173433,0.529696520773518,0.35039648912692234,0.2753765062016448,0.09649096096109448,6.436281560985467,-0.0092923499189445,-0.007667414934427624,-0.015471845716370228,-0.014171208595795924,0.04009856382522255,-0.001586838376410376
ssirt0667.mp4,99,0.9452722675610671,0.2612742270828055,0.21363001858362898,1.7448974885938928,0.9417316353985313,1.0986345683388068,2.0147687210427265,1.1629912214275164,1.366547679859963,0.5282886784167079,1.0387924278894396,0.4409202041151551,0.3531744473952954,0.29129041843501213,0.39256183217801377,0.3522804037490389,0.271672004630923,0.09570472347869233,6.599435564850145,0.0040841262240267785,-0.0002478851797507267,0.013376476142971279,0.007419529754676897,0.04786275883929286,0.08221940717687184
ssirt0667.mp4,100,0.9404900120219616,0.2646731877415114,0.20907028369822644,1.7358439994264199,0.9330861664199525,1.0909596685170821,1.9990632755310536,1.1550557493550717,1.356197356455146,0.4992376552483682,1.021288678461572,0.43086490035458974,0.3400334990912859,0.28380193464868786,0.4108755618969552,0.3570241797811977,0.28408585195281544,0.1014255182808967,6.469867278928259,-0.005692643629181941,-0.007056113460895874,-0.00977676985320872,-0.006808228281145147,-0.002437224600161983,0.0015888477956534587
ssirt0667.mp4,101,0.9312998376431064,0.2743639580766884,0.19918048927861237,1.6939540853522177,0.9054934531346771,1.0486001004281802,1.8908897749932772,1.0184920678524156,1.235999017567975,0.5356226662838952,1.0204260804223053,0.4832684302238332,0.3810581310800994,0.3171097241124764,0.2826917921733819,0.35300627048626965,0.27465501157105776,0.09695494130506234,6.517894194663249,0.01173106985579265,0.01607990421126293,0.017423713484974592,0.023136017672158803,0.0015591083908530652,-0.009789890553210638
ssirt0667.mp4,102,0.9641229056589563,0.25400972973374525,0.22714377388418217,1.6941056134487038,0.935633583155915,1.051545644640714,1.7839067829464546,0.9149840335719768,1.1187745420240989,0.6112629639831405,1.025815407685621,0.5455896093261312,0.4539772818119093,0.37535541609850054,0.17699585940232826,0.3538342082946678,0.2692151912092822,0.09525754404243397,6.643682234874368,0.003814553624624515,0.004426463156650779,-0.007916516231168135,-0.01165344105461215,0.00726505527404209,0.009845953350098052
ssirt0667.mp4,103,0.981561748803443,0.2411249699500397,0.24443749110621904,1.7220131014710045,0.9589057144211294,1.078752569241166,1.6823564826646171,0.8077851109240034,1.0115799041254745,0.6814304284790818,1.015965836590393,0.6029485749116036,0.5269657755432245,0.450564612849018,0.23726148032164746,0.34973789130974864,0.2752979325347453,0.09628211840663528,6.649287556987673,0.0038741433571239624,0.0004736775675214982,5.9589732499447465e-05,-0.003952785589129281,0.0020996421672926507,0.016604534503873607
ssirt0667.mp4,104,1.0426164567926222,0.22935626482471533,0.310901293653483,1.8155541710216312,1.0724179100800966,1.186928350812508,1.196889516167436,0.1468243867026195,0.48451492200441604,0.6901387779452399,1.017851845975526,0.9873062313169513,0.9140581997048624,0.7779710487884958,0.16623891911527078,0.3541077379956564,0.27030518402420217,0.09571715728330987,6.639855738197794,0.006201385903241852,-0.0030506294688747914,0.00232724254611789,-0.0035243070363962896,0.002525237163017202,0.0437940867555201
ssirt0667.mp4,105,1.1199858024952982,0.19909249521701547,0.38674162895002107,1.9070560646196801,1.1286202579963598,1.268685178327969,1.2215903968531139,0.11536248279445999,0.5057783710111061,0.675488231685777,1.0305081476000302,1.0341956936386738,0.9700894363739174,0.8189298253497558,0.1683834904653963,0.35732430928725306,0.2775792971993618,0.0991858306442031,6.572253996879826,0.004586382540807839,-0.00399007984348381,-0.0016150033624340136,-0.0009394503746090188,0.01738529435084629,0.025884434453142733
ssirt0667.mp4,106,1.119410937418623,0.20452537538795784,0.38959741827144007,1.9145719158473684,1.1388475748654205,1.278125865359929,1.2151004657514695,0.12146110289955596,0.49914735926449644,0.6864853053434916,1.032420539647383,1.0378489220427398,0.9647893411458962,0.8161600834652765,0.19595752722516283,0.3549629101797133,0.27907523169278114,0.09906135640074736,6.576644264824797,-0.0009445175287327439,0.0007566274538113931,-0.0055309000695405825,0.004746707297295203,0.0002781036232685452,0.0038442199542995216
ssirt0667.mp4,107,1.152425418192098,0.20270595285397452,0.41841127222458413,2.004706737983116,1.1746964359116903,1.349784199429039,1.2636257322411912,0.16788695711828083,0.5447821043687412,0.6636037522650208,1.0378093491978844,1.0258803588973429,0.9227316330860518,0.7736706146454458,0.1692221181916265,0.36627730211594417,0.2781812351106365,0.1018914722956051,6.869210271644027,-0.0032652741175717816,0.017619711006494506,-0.0023207565888390376,0.016863083552683112,0.006932094505432277,0.022779379367479834
ssirt0667.mp4,108,1.1089651103574019,0.21683076202525872,0.35946075412053397,2.055804545597615,1.1949357321502732,1.396223552020196,1.359687412526393,0.24146421450628014,0.6299993516785336,0.6704248143872397,1.084483963497298,0.992592364409487,0.9191098206257182,0.7648299962974686,0.15544807462640167,0.3682063878367706,0.2688266177004564,0.09898367785786152,6.891910301356442,0.0005456311560833791,0.0052830148897898555,0.003810905273655161,-0.01233669611670465,-0.02059333217272658,-0.043333728806886976
ssirt0667.mp4,109,1.1376307464013096,0.2884850129696112,0.3858862997477709,2.08130574599358,1.2411599951118468,1.4245703405625847,1.3381971031315913,0.2492362417786569,0.5979640489071432,0.6845885107935881,1.0673355661653594,1.0080425163113746,0.9438816617879571,0.7895439270289613,0.14848674610009302,0.36709698042178074,0.2651773908330493,0.0973458194509388,6.911568847358473,0.013100012213960236,0.006942609208515218,0.012554381057876858,0.0016595943187253624,-0.02943718814620578,0.026894669977696455
ssirt0667.mp4,110,1.1339999019799212,0.2887367447582552,0.38555299537547344,2.0654855187244023,1.2294019463125287,1.4083604704456394,1.3341215139635259,0.24608146317348908,0.5992851484013476,0.6942914582733816,1.053050031727325,1.0038997069907034,0.9403635605374302,0.784032627096404,0.18988338135257984,0.3670141665564317,0.2605895948661873,0.09564007297309193,6.883353087119283,-0.002928409711401434,-0.002034969096239268,-0.01602842192536167,-0.008977578304754485,-0.00032974569782057996,0.01261352647385341
ssirt0667.mp4,111,1.4306813164488632,0.6120199615542585,0.7144101643226711,2.190209728067277,1.3752607077911259,1.53569364798007,1.3062147245169105,0.28124999496574443,0.5450696377157833,0.7152012281661296,0.9260211561388155,1.0681335268399883,1.0160336557525615,0.8506545656219343,0.25529800278528575,0.36320751270057067,0.27943649629188205,0.10149343477593673,6.759103215616303,0.003024077581264493,0.0004189523029804339,0.005952487292665927,0.002453921399219702,-0.08567641204299327,0.1584289428100101
ssirt0667.mp4,112,1.7446831099472093,0.9101901449837517,1.0505786732389915,2.273413880216218,1.4588158073954636,1.6173893047936876,1.3115310749612132,0.3170508517878607,0.5439575800731237,0.7232379952854405,0.8132861002456878,1.117041715354548,1.0643763226902179,0.8915044251349051,0.2765703556600661,0.35371037501722397,0.2797021308818687,0.09893354560734244,6.652045325081769,0.0025129030732250124,-0.0034744462398143636,-0.0005111745080394808,-0.0038933985427947976,-0.041188874706620755,0.16374687083732373
ssirt0667.mp4,113,1.8667676364634465,1.0204611971887896,1.1771655391755274,2.3628458501484624,1.5383907078552879,1.7119859579545778,1.3526858026319515,0.3553875499869334,0.588038765550733,0.7470901578988576,0.806179431586962,1.1428902054147785,1.07678722762888,0.8938760517718469,0.3597324323814963,0.35186164547418525,0.29117034739653885,0.10245167754823631,6.509157103894941,0.003055291250668966,-0.0058093908602016445,0.0005423881774439536,-0.002334944620387281,-0.02077257236922625,0.05238596155589326
ssirt0667.mp4,114,1.9167783890830437,1.0615618920737317,1.2298522240888345,2.481588676368783,1.6511430545127475,1.8328780837172063,1.4648608310396538,0.4386218764010735,0.7061916065319983,0.7535930841703955,0.8254967445048174,1.1312385274027452,1.0842325588750572,0.8966060524930662,0.32644637799960285,0.3545823829264665,0.28515695122841833,0.10111163127461875,6.423148646531354,0.005537791399149362,0.001750195034465451,0.0024825001484803963,0.007559585894667095,0.004418913857874695,0.030170626169999267
ssirt0667.mp4,115,1.9418793147254159,1.0920153739857323,1.2594589316953133,2.471226937031669,1.6453795613277942,1.8231535080033487,1.4454345209089652,0.4237947637407793,0.6872238834487053,0.7780716062936367,0.8171462849961318,1.148517392619833,1.091051991457983,0.9002352844420227,0.34004284857334716,0.35417419747135,0.28168258161335674,0.09976470228456867,6.404584437481315,-0.0011374747577785748,0.00019153842589108216,-0.006675266156927937,-0.001558656608574369,-0.0025573878709095194,0.016229878285966132
ssirt0667.mp4,116,1.9700437348201711,1.1119294047290564,1.2864171046206123,2.467490966668922,1.6359524487202286,1.8177535902975979,1.4612381045533624,0.4371268276270614,0.7032509853205257,0.7646437440945743,0.8093034022347105,1.1422822076775372,1.0922616706664674,0.8997054205629689,0.33814525947389706,0.35295444014608646,0.28696982799560167,0.10128727497900632,6.408587281869709,7.337239171700714e-05,-0.0008200682234451589,0.0012108471494955819,-0.001011606649336241,0.0008865557701306513,0.014179667832057919
ssirt0667.mp4,117,1.5882126057391805,0.827956031375775,0.9117558056697125,2.4072893959019908,1.642516762888964,1.7759673417860362,1.3377580523319839,0.4271157024784756,0.5851024256335438,0.7832382850710786,0.9680177351094703,1.1580958618655834,1.09093919202451,0.9188424867332076,0.2075619500215725,0.34360476738806733,0.26915974415662336,0.09248457128116828,6.597739689828398,0.0006169766861507451,-0.011196789124946883,0.000543604294433738,-0.010376720901501725,0.009393633078437826,-0.18439073990401855
ssirt0667.mp4,118,1.1990874421634596,0.6375337691282698,0.5364667237410745,2.3165428059560043,1.605327138273687,1.707776870738772,1.1866523118181036,0.47035302199666795,0.4578096619571206,0.7861233441264162,1.1440045503510559,1.1776503692659759,1.1108250639138053,0.9473094556177932,0.1606823456099234,0.34610953467391675,0.2626346259956544,0.09090034819261411,6.576997096957219,0.001237601723270844,-0.008176359894652499,0.000620625037120099,0.003020429230294384,-0.020475379263146642,-0.22785930074212912
ssirt0667.mp4,119,1.1993896108935977,0.626179585212346,0.5301683414135331,2.3147875068827712,1.600125828686753,1.704078021297322,1.1901854448409062,0.46177410328371715,0.45723899903670046,0.788822623827225,1.142613896050656,1.1786335662835743,1.097566225776444,0.9376489593588921,0.16375956445092807,0.34214165883480374,0.2593762326987002,0.08874341451785535,6.561109046026192,-0.0005071207847401985,0.0030129298421914673,-0.0017447225080110427,0.011189289736843966,0.005534945305586761,-0.005442712962320489
ssirt0667.mp4,120,1.0728087791708965,0.707285379490222,0.4775890357545329,2.2446415460720996,1.5726713082481116,1.6445895414738587,1.0928189121133363,0.563366405554684,0.40977723815668,0.7791351403512247,1.1792697204170255,1.1801450258884236,1.1062361825202105,0.9450311229289734,0.1671376380197526,0.353657590427758,0.23830874188615936,0.08427969543332965,7.032674673068501,0.003515388845137491,0.014168168303321085,0.00402250962987769,0.011155238461129618,-0.046904064918328825,-0.08492378406542675
ssirt0667.mp4,121,1.099791947301914,0.706254811892878,0.49301881383921753,2.2524614787860977,1.567625608510288,1.647842132597991,1.10811995337965,0.5640327481969352,0.42099888423214205,0.7735119522713686,1.184119678478088,1.1973857028155026,1.1151926707583673,0.9499305379212796,0.15812152235991325,0.35930045836760927,0.236138263207412,0.08484458620855428,7.043085766011134,-0.0034862020373826598,0.0038206342095738156,-0.007001590882520151,-0.010347534093747269,0.0035657144471823226,0.002829262294523928
ssirt0667.mp4,122,1.1211453547902157,0.7644160177516726,0.5433202582345834,2.288381254794645,1.6239249804628935,1.68913723515761,1.1056316819644725,0.6379824436650905,0.4575242030280791,0.7847665252485116,1.178839581835092,1.201130481029449,1.1203942939290892,0.9529609186579211,0.19161280221527746,0.35512210908901654,0.22935809314493713,0.08145012977426518,7.101308881194781,0.0026754573775262273,0.00997459155021331,0.006161659414908887,0.006153957340639495,-0.02770245651349093,0.0018220408988351103
ssirt0667.mp4,123,1.146995781492445,0.7685556447467914,0.563970058284902,2.331442098774533,1.6607255410107282,1.734065466327678,1.139857743296231,0.6277790725570723,0.47965753180899695,0.7917293882836768,1.2047603261755384,1.223108747955134,1.1474677276024492,0.9777178142031838,0.17053875845802288,0.353492222133862,0.23492438066023252,0.08304394135300687,7.033683151402404,0.0004511794032101047,0.0011994967242575918,-0.0022242779743161228,-0.008775094825955718,-0.0009576892113424035,0.01046214176104656
ssirt0667.mp4,124,1.2009851161846958,0.7475447347619077,0.5856235598976655,2.4056078808913255,1.7184258156128045,1.8023211484909836,1.1888822793760998,0.6083901214956943,0.506913276758024,0.7955920407671371,1.2124245793482695,1.2378965092084682,1.1619267167714684,0.9795603928306281,0.1714445930780796,0.3602891898461763,0.23484160831149026,0.08461089280071989,7.164698708601123,0.002069425744283544,0.002672417085052143,0.001618246341073439,0.0014729203607945513,0.013593118354947455,0.03141154302368056
ssirt0667.mp4,125,1.187670767951615,0.7397062181129486,0.5722416381788074,2.4133445108850933,1.7173401296802044,1.8057691471290644,1.1956884565638677,0.6004568628250966,0.5078904526777739,0.8164953776798415,1.2208707816027338,1.2333053763026907,1.156141167851458,0.9847591238087955,0.19527794521838354,0.3580281754118282,0.23979395320226773,0.08585299153979724,7.1725180593584845,0.0003915896707106569,-0.0013829277035504871,-0.001677836073572887,-0.00405534478860263,0.003008703432947924,-0.0070358810093471644
ssirt0667.mp4,126,1.1648349237841495,0.7149964236258582,0.5439892266899369,2.3422834000895993,1.6354369220833689,1.7377815509935535,1.1800039372861095,0.5710523176361245,0.4833628969599738,0.800006947591285,1.1909391145544903,1.199749439473362,1.1357069995266151,0.976591867659065,0.18078705931318084,0.3601108003890695,0.2747406278685161,0.09893706740112683,7.11799457317794,-0.003046373059410545,0.004017645161918551,-0.003437962730121202,0.005400572865469038,0.003656942080826773,0.018992126448726825
ssirt0667.mp4,127,1.1577660375406802,0.7203774469316604,0.5411745100540954,2.3274108026467624,1.6070485279507467,1.7199646508728668,1.1909282102015093,0.5679471422904555,0.4900454311656884,0.8015305940298232,1.1740035637556752,1.1715455162952682,1.1106886004031755,0.955249091666562,0.1907963687019932,0.3645449339771114,0.2825156777729079,0.1029896591012236,6.963856037447459,-0.005498470283146325,0.003307432839884316,-0.00245209722373578,-0.0007102123220342348,-0.0025057457963574845,0.003530147726576634
ssirt0667.mp4,128,1.1570859159614344,0.7228290613559217,0.541482496692322,2.3252236441086764,1.6042430838613018,1.7171932002280788,1.1908048133449398,0.5787995921982676,0.49308310665174776,0.7930775600386446,1.174104726544163,1.171925932093849,1.113008631941386,0.9598483992874903,0.18464833004139328,0.3614691603876874,0.286791296312952,0.10366620908473924,7.0533397542226695,0.0036544315543028693,0.0007414259914387075,0.009152901837449195,-0.0025660068484456085,-0.0012795981741142311,-0.0031684522627880634
ssirt0667.mp4,129,1.0164832486894455,1.0128301687831325,0.6661281524531397,2.1944652142890013,1.5212073594701052,1.589969240269333,2.157611677054816,1.4347656645925693,1.5333915689172126,0.8169591815700855,1.2537114392903,0.5835083856200641,0.5220638525720654,0.45563863103473917,0.27120252161813724,0.33035761224397525,0.21879852953464213,0.07228175977955727,7.027418824021331,0.0009133038593282712,0.031863278563182995,-0.002741127694974598,0.03112185257174429,-0.13005373273387244,-0.1321476480563216
ssirt0667.mp4,130,1.0531418129885088,1.1044898115237591,0.755840582325363,2.1933425345754483,1.5338115731512765,1.5952070032460877,2.2427877210625144,1.500317257955841,1.6130865741302491,0.8437628706586244,1.2850737102865144,0.5587102833640036,0.4716060219970333,0.3880265588590925,0.2630992809562442,0.32595014488225704,0.2147539891312119,0.06999909387136118,7.085329796155815,0.004559222594702648,0.00020876674991303137,0.003645918735374377,-0.03165451181326996,-0.04350422802967861,-0.018164145249537862
ssirt0667.mp4,131,1.0656454572531484,1.1283124310538957,0.7794696345434724,2.213534667800507,1.5477388422205236,1.612868832127335,2.2493435195272644,1.510128063089973,1.6220950225870157,0.8378882555076144,1.2995982350583812,0.5645253887821762,0.47778589879246414,0.3982022870027516,0.329326100185229,0.32544603881366374,0.2144889415481577,0.06980457639618338,7.105481098600641,0.0014159655484392592,0.0017441144495157729,-0.003143257046263389,0.0015353476996027415,-0.011188345875564092,-0.003681456995594478
ssirt0667.mp4,132,1.1030327080814637,1.1580123893421137,0.8160256998899718,2.265567345333208,1.5787654753643194,1.6605244178150838,2.289932572699166,1.5278200626592946,1.6553158940763135,0.8696640608293098,1.334195001058942,0.5823917422649055,0.5016894071358237,0.4269658812408341,0.43388861349928476,0.3283131422084634,0.22496195551708092,0.07385796649317342,7.025488981211041,0.0002598436634839866,-0.003747059131691089,-0.0011561218849552727,-0.005491173581206862,-0.012971002157231301,-0.0031243455103982906
ssirt0667.mp4,133,1.1037333120606672,1.1708295310790273,0.8221811866654378,2.2766360793078264,1.5753889106990306,1.6722790092491955,2.2967796914915706,1.5246033062326407,1.6656353172810783,0.8722205164153611,1.3340704250091113,0.5794762225000298,0.5000994095627689,0.4165351828142559,0.4455982916782478,0.33978371496371185,0.29487691198133054,0.10019437261004396,6.524353012648989,-0.002109152232616509,-0.02613901589226665,-0.0023689958961004955,-0.022391956760575562,-0.0017126280210386935,0.006687849596413016
ssirt0667.mp4,134,1.0837944469339724,1.1622372637901226,0.803250203087209,2.2446855973033997,1.5277112656374134,1.6463128111791914,2.2956957813340075,1.506926125764505,1.6729309783224333,0.8493211590253232,1.3231550734641313,0.5684773845767622,0.4887822671060951,0.4025696615518817,0.4324384853710054,0.3282569638784682,0.36511618642842286,0.11985193081987887,5.8046251496845205,0.011451768320472108,-0.03674294798469352,0.013560920553088617,-0.010603932092426868,0.006015497917614743,0.002328916902949552
ssirt0667.mp4,135,1.046888819003761,1.144721450633994,0.7766264561096021,2.172717737828336,1.4947643703099285,1.5815277664210556,2.2574989850119214,1.5049772419630167,1.6423608725654484,0.8037419815126203,1.2936123178466015,0.5549561288176018,0.47243161333264744,0.3822453993820393,0.46544834932006446,0.347593443411864,0.3499882965886975,0.1216536371651181,6.02067019725989,-0.017424524229634447,-0.009116823700085206,-0.028876292550106555,0.02762612428460831,0.0032598808383564664,0.002255974984419231
ssirt0667.mp4,136,1.036050916089541,1.1390101585405996,0.7711688828796683,2.18119810416581,1.4989438403501316,1.589523318396263,2.2390051053793054,1.4855640842665696,1.6264274218551604,0.8043527694441018,1.287273221887961,0.5578959908222196,0.47172157254076813,0.3835529891940688,0.47533838079214896,0.3527032924588409,0.35202109341318655,0.12415899866179209,6.030637215455647,0.0015493330449856426,0.0020742902122426825,0.01897385727462009,0.01119111391232789,0.0006439183965060058,0.004406254516641907
ssirt0667.mp4,137,1.0226738870918686,1.1245275681919007,0.7617668241540965,2.1682239269326105,1.5058766743937009,1.5748144680948817,2.244611952801781,1.5166072572132403,1.6336215590386027,0.7807541409760508,1.2707016291061612,0.5372191048514273,0.45556398851705127,0.368626711539184,0.488055537983681,0.345135826412437,0.29876980920319474,0.10311616500643074,6.400311444811473,0.004495579138903918,0.01308095971445361,0.0029462460939182755,0.011006669502210928,0.002979667324882488,-0.002402260705329088
ssirt0667.mp4,138,1.0362889129527708,1.113486102617207,0.7574565031241886,2.1945270895206104,1.5289479194360291,1.600639806812353,2.2616110393522266,1.525163341245826,1.6462206352100632,0.801129485851619,1.2810979368199231,0.5422271115485325,0.45471935884654374,0.3652348800945209,0.4537471088181849,0.3305044974995344,0.29053046519198056,0.0960216254065815,6.671610389401149,-0.001016268431130038,0.008122648060936256,-0.005511847570033956,-0.004958311653517355,0.007166292318235564,-0.005490637611272474
ssirt0667.mp4,139,1.0647760253649408,1.0755097724415987,0.7410712119745873,2.286150294816474,1.6013789189490937,1.690681775377277,2.3309915557007104,1.5675786607501385,1.706490674989702,0.8537468930833512,1.3213944722275304,0.5662030289471375,0.48552541719538594,0.4018076051256123,0.42767441257161337,0.3030199565254601,0.30726005579563,0.09310592874920225,6.4672198178815785,-0.011070718330339586,-0.0033704682371877765,-0.010054449899209547,-0.011493116298124032,0.01943460056609484,0.009402976877919031
ssirt0667.mp4,140,1.0591713653320114,1.0807029224260274,0.7432648580893063,2.278010745602376,1.5969950533404604,1.6831555575462784,2.326238836512263,1.5697345898253903,1.7031454966860733,0.869688837956427,1.3329493981939247,0.5799474185312558,0.5013736031976264,0.4141137586417473,0.4149547930791322,0.3051859643603459,0.3066471189005051,0.0935843966999723,6.443811181727563,-0.0008869546578829372,8.411475845972733e-05,0.010183763672456648,0.003454582995647504,-0.003919372233997813,0.0014415573651215927
ssirt0667.mp4,141,1.0837681880929262,1.020023936531322,0.7082237746736735,2.351274049756118,1.6563685340952108,1.7550883828058996,2.3497134197700418,1.5879908927436932,1.7247843028864132,0.8975988376207524,1.3409854843808793,0.5977603250192243,0.5206557158397507,0.43142763920795585,0.3299848897863497,0.3002823639897213,0.3113079085591619,0.09348027471084112,6.459858530985745,0.00397467569494616,0.000670080461371719,0.004861630352829097,0.0005859657029119917,0.031419178816804984,0.01621842459627968
ssirt0667.mp4,142,1.1072297845269785,0.8254168158756526,0.5779973478232984,2.414801086934489,1.698962674582032,1.807806575367026,1.5935611901100735,0.8300011850401069,0.920167626033915,0.7970381091986767,1.2662786352821933,0.9862894317534251,0.9875848709632241,0.7495011043660461,0.26557152886989094,0.28584219641393427,0.34301976077049845,0.09804952183202156,6.116853244146399,0.0037841506998798984,-0.016535340023936904,-0.00019052499506626167,-0.017205420485308622,0.08446171811043685,0.08164370856367485
ssirt0667.mp4,143,1.1251419410600838,0.7982094878323696,0.5712831070108847,2.4137667995625733,1.690904226939475,1.8042221875443585,1.3128748927454679,0.6544679368043437,0.6298036001770074,0.8381369225287413,1.2378592192066704,1.1322998062667826,1.0632083240454608,0.8727237391694614,0.27471117034240816,0.28181736669929214,0.34612012238401474,0.09754266145189976,5.978579137479336,-0.001664458786685256,-0.0023118383975809947,-0.005448609486565155,0.01422350162635591,0.014401608187477074,0.008708923471293817
ssirt0667.mp4,144,1.1426357756730365,0.799438136889267,0.5805032206591353,2.4246346029987493,1.6987244485450983,1.812640486616289,1.3195089420350568,0.6471533745416713,0.6297665716594321,0.8405244066582782,1.2284280115567094,1.1264148164768952,1.055882718773832,0.8707736361612294,0.28466080635759233,0.28925271061754776,0.34279386590471717,0.09915405489600762,6.025107046334125,-6.161659414908887e-05,-0.0015635210765327526,0.001602842192536167,0.0007483173210482421,0.0011270832535500506,0.0031298714133169083
ssirt0667.mp4,145,1.1072941088386217,0.8435288283050142,0.585649381749617,2.3669936583325613,1.6290092831373626,1.7447014189269905,1.140968269973803,0.6456622548375415,0.4847306306185091,0.8739887014478087,1.2631136451355258,1.2383461842216104,1.15075964482401,0.9907788393409407,0.8412007759195311,0.27912762691062143,0.3404555342838929,0.09503054535325074,6.033752245109535,0.005712101501018495,0.0033554694609808098,0.005773718095167584,0.004918990537513562,-0.011018047594697161,-0.05500885649413319
ssirt0667.mp4,146,1.1258946729983323,0.9084487799206027,0.6420623000329415,2.378859515818982,1.6427535791375727,1.7581983449037928,1.1461333583125182,0.6564636157540849,0.4964591296392331,0.8900388351353058,1.2808767377250225,1.252061358229227,1.1741731865900862,1.0068959834447155,0.8402475311169992,0.2826099578843658,0.3522544206989328,0.09955060699830709,5.812327983645296,-0.005856819422802868,-0.009394706432251375,-0.011568920923821363,-0.012750175893232185,-0.024717062343764935,-0.01365119057107814
ssirt0667.mp4,147,1.3000110022207538,0.9351353605963781,0.761809527784479,2.3854713283806155,1.6757041461646214,1.7783031683270452,1.1263475358725894,0.6393415656912584,0.4767086176377739,0.8916744805974325,1.1303412414044016,1.2285594099346917,1.1684737724300847,1.0019044670930584,0.8029422780752804,0.299942449611944,0.3119074852384334,0.09355429517471699,6.319342059621839,-0.0002626812697934841,0.012173533753909298,0.005594138153009384,0.021568240186160673,-0.025075944620613116,0.13155969198574102
ssirt0667.mp4,148,1.41826632172631,0.98655656567747,0.862422927286397,2.3789322190678583,1.682412736003446,1.7778917579384348,1.1462406903351638,0.6462723306127377,0.4949516933185331,0.8869637522646199,1.046744635816694,1.2019465109985337,1.1575300600087723,0.9879160952041183,0.8055982605212038,0.29948331850884446,0.3080855984673898,0.09226649741379726,6.226925499876826,-0.0011853086927101043,-0.0013500925448263017,-0.0009226274229166202,-0.0135236262987356,-0.0104496833617381,0.07161359193993168
ssirt0667.mp4,149,1.4240032833187966,0.9900398172314151,0.8671874069410761,2.3798788237895345,1.685201330185455,1.7794901011605884,1.1475254978712943,0.6457579411251653,0.49575853310180196,0.8807029050168814,1.0423420804952572,1.1993833446985747,1.156956488075126,0.9823089509374947,0.8223112532574048,0.2989121627330955,0.30736436506657117,0.09187494710913349,6.2556860089757516,0.00020147004797432347,-5.7562870849806704e-05,0.0013867787406844278,0.001292529673976495,-0.0009354851287042719,0.0018940785787059597
ssirt0667.mp4,150,1.589408031890909,1.0586409739276748,1.0064158128341165,2.437731694379189,1.738150247441973,1.8351328073876778,1.297643330008728,0.688294892689622,0.6272251885569159,0.8172388733201716,0.9480934870324124,1.1280931791598992,1.1173264972049104,0.9553135752049906,0.27707821089848944,0.2893408192702782,0.32946420736776044,0.09532744368002063,5.9925004177970225,-0.0049844581687973465,0.0009781634321167857,-0.00518592821677167,0.0010357263029665924,0.00179079442960189,0.10503395138110909
ssirt0667.mp4,151,1.5663432015862286,1.0455679192936154,0.9864981315381435,2.4847368932347456,1.7668358816492462,1.879678771698883,1.3090182039519105,0.6919363633156086,0.6386477378564437,0.8968023917860413,0.9739543498583657,1.121887635972193,1.1092708367180086,0.9554986718464612,0.3433184214500371,0.27814337828970204,0.35224529106809527,0.09797469524431943,5.579594896707585,0.0048466315766217535,-0.002978473194147191,0.0098310897454191,-0.003956636626263977,-0.0044649295585453865,-0.014728038343546258
ssirt0667.mp4,152,1.6127537330706103,1.0545903438574162,1.021957418217845,2.4807553616613935,1.7623791373912618,1.8766204036242853,1.340839888478829,0.7168063379952823,0.674380009403859,0.8750951527508369,0.9442674097303926,1.1091222278788289,1.1084184827930357,0.95382841501116,0.3729133896019674,0.2880159296320474,0.3499311700892265,0.10078575126047867,5.585476086292821,-0.0022635990903191595,0.0038950200321152656,-0.007110230666940913,0.006873493226262456,0.009968126040088671,0.02646867309812325
ssirt0667.mp4,153,1.5988007848328596,0.9997311042833071,0.9833931106093415,2.475424739609508,1.735352629836044,1.858679304279466,1.2822752089974914,0.6835844064506694,0.612043840800652,0.9058050289206563,0.9480857585038523,1.1499585243576143,1.1188567242077636,0.9519415529877098,0.599790838796862,0.2699376945476632,0.3663939753354212,0.09890354499819697,5.536527857217936,0.0018663342069895077,0.001970514895781059,0.004129933297308667,-0.0019245051363342065,0.03166764350623511,-0.0028636233635838423
ssirt0667.mp4,154,1.566173473359847,0.9751801829446575,0.9535185994822972,2.4775436439347027,1.7409469377264604,1.865885195555693,1.2695632305198712,0.6672438509304243,0.5983839375757819,0.9035881004212524,0.9641158930424742,1.146955906653255,1.1145548199561337,0.9474366198891235,0.5666321764053847,0.26858882889705077,0.3727634933034056,0.10012011012193534,5.458906799488656,0.002395750469875758,-0.0004617190837882383,0.0005294162628862503,-0.0024322339795692974,0.004998028483785061,-0.015736766803667715
ssirt0667.mp4,155,1.1626164881321204,0.7146286143794607,0.5435775185352866,2.3651804244849273,1.5887480940381034,1.7349022165425505,1.1389687052522228,0.5653101488969149,0.44905959128784656,0.8559826514495112,1.2127447574173893,1.2318635440573744,1.1365220487274632,0.9755227593529517,1.0846470688681082,0.26272572073410916,0.36603743907905184,0.09616744999771147,5.352514466702133,-0.004585571796147982,-0.002088072871460242,-0.006981322266023739,-0.0016263537876720037,0.08482421734192272,-0.23981896219422233
ssirt0667.mp4,156,1.1686031592623611,0.6035181286980025,0.49296457441661184,2.350395967482346,1.5359135450186907,1.7089015316523577,1.1613044137927997,0.4704940645786886,0.43358154500767454,0.8687986395852052,1.2259301484781322,1.2337726201382062,1.1518962875464471,0.9769162150459868,1.3668203780242312,0.2686219734432819,0.36903867265065193,0.09913189652430744,5.569341426957802,-0.003344321721907784,0.002137730981876448,0.001241250074240198,0.00422580385333669,0.058881208317838676,0.004108960939600323
ssirt0667.mp4,157,1.2366647443184628,0.4619312994859801,0.5014506091039465,2.314769878438453,1.4372464872056963,1.6501291230907165,1.2567593677158266,0.34513736176100746,0.49719776982770814,0.867947226476766,1.1948823767114385,1.1826857931381223,1.0959009636080774,0.9210846160849371,1.5436413144755488,0.2553994527252538,0.37869419471720284,0.0967182900810043,5.477978199445186,-0.012326156436127271,-0.0007505468688624699,-0.008981834714219487,-0.002888277850738918,0.08653624253718843,0.02256869175982299
ssirt0667.mp4,158,1.225288644794678,0.45660697594589883,0.4858915622762955,2.314622256586289,1.4405686242085716,1.6505067879807618,1.2546397223667787,0.32982561960742546,0.48991121644033353,0.8673396910738007,1.1929405558745516,1.1809769218597328,1.0984294562836292,0.9328419832390437,1.5473604646935357,0.2576038160931785,0.37462982127423816,0.09650607158254917,5.443068205957106,-0.002386426906287409,4.053723299659694e-06,0.009939729529839863,0.0007546005921621296,-0.005812044219233672,0.004525111664881506
ssirt0667.mp4,159,1.2853616428603312,0.3479423969378044,0.5221096471182504,2.304462115893103,1.3853754706766672,1.6239739202518135,1.3207465573772377,0.2573760471113186,0.5556338291685066,0.8514979820553031,1.144343162148311,1.1319551259063285,1.0331141148592866,0.8610271842376742,1.588778306907193,0.25151820367352934,0.39010807818953935,0.09811928306476567,5.24971818017768,-0.007896652987001653,-0.0016458116595089354,-0.005510226080714244,-0.001649865382808595,0.06234625086093318,0.030534230582068757
ssirt0667.mp4,160,1.3437347728277804,0.3485661053089684,0.5801619920034592,2.295373671958015,1.3486256043341147,1.6094915866518584,1.3718188433053171,0.2583243610878405,0.610779994533143,0.8570139472281819,1.1146928419087798,1.1021124958988398,1.0152447013770294,0.8539052558617214,1.6181568203336523,0.24154850660069105,0.39973031126707914,0.09655425972959235,5.067811411996021,0.0034318821451722785,0.0028548346335198404,0.011328535132173932,0.004500646293028775,0.014833934737666577,0.02628943290162377
ssirt0667.mp4,161,1.3434497802433412,0.3444742299038175,0.5812356733575598,2.303021705841351,1.3597314913159666,1.6189272633104372,1.3649766080937542,0.25534039450459317,0.6054175400702838,0.8483908253199289,1.1124401925186347,1.105645898614883,1.0168195524551031,0.8486605744210407,1.6240835225808334,0.26264253413784094,0.3761356942587151,0.09878923191980508,5.427068734036492,-0.00534280730845389,0.006288540954176041,-0.008774689453626168,0.0034337063206562003,-0.0002282700260354533,0.002850964022351055
ssirt0667.mp4,162,1.322724866144889,0.31159400578669755,0.5515377005861523,2.283555678616361,1.3431994839859147,1.5911921470643466,1.3689132191212683,0.23970005917856632,0.6039524264029427,0.8083973954911473,1.0993273771091647,1.088221866760707,1.0049834315767927,0.846977516911931,1.2438050700950647,0.25149370262801707,0.39227809807715347,0.09865547134529976,5.080474573638901,-0.006316106272611537,0.00126699121719064,-0.000973298964157647,-0.005021549736985401,0.007119573320829353,-0.003940370665089796
ssirt0667.mp4,163,1.3187637273719965,0.31007101531877945,0.5503859788750168,2.2715545210947496,1.3385439324321637,1.5830807853655913,1.3538760877487215,0.23594856329776007,0.5914217793025568,0.8076675135093773,1.0943797078029502,1.0953050272672606,1.005833599250624,0.8436807047169307,1.2398839390025413,0.26190871687454886,0.3907035395809394,0.10232866272998835,5.218373246119526,0.00029511105618774144,0.003923598781375205,0.0066112173287992786,0.0026566075641845655,-0.003415208945861412,0.006874725586036736
ssirt0667.mp4,164,1.200131784513983,0.29790837961688654,0.43153784953506136,2.243888961468012,1.3406517152473325,1.563043804069104,1.2806398653423354,0.21693655627966296,0.5137565929707046,0.6970639903505431,1.1046833870264068,1.0918515012140082,1.0139833464114107,0.8612455188936482,0.17184424028806342,0.26512600623640814,0.379881524304116,0.10071647138174929,5.366344192857771,-0.004100746489553836,0.004978985642343694,-0.004395857545741577,0.0010553868609684885,-0.025043592970796284,-0.04772631927267465
ssirt0667.mp4,165,1.1770862494742749,0.32732929078990314,0.41315407565239165,2.2391476360460847,1.3541224644504488,1.5642000613762346,1.2387932907535462,0.24516042552467454,0.47113871273942165,0.7024769431727753,1.1188342875908217,1.118546736281834,1.0383300313148418,0.8751383298408789,0.19585990327315314,0.26111570837383924,0.37806094646365346,0.09871765184434099,5.405855344495644,-0.0002221440368006625,-0.001862483169855567,0.003878602452753173,-0.006841468812199261,-0.02010444047083903,-0.007935196591672767
ssirt0667.mp4,166,1.195727442493671,0.45772886276937236,0.4557547190981864,2.295505203304684,1.4538880888143133,1.6292272720273784,1.2345547554083238,0.34548516633529786,0.46930353384461626,0.7161903630358174,1.1262509844529194,1.1343371705230145,1.075606896991095,0.9261161963598403,0.15653739941643857,0.29834268688462057,0.2735697794087592,0.08161754303924217,6.786180926470348,0.008936838385597456,0.02764173111931055,0.009158982422398118,0.029504214289166115,-0.06429960730731578,0.0012150958164054565
ssirt0667.mp4,167,1.197712662297835,0.4583817561447157,0.4590896145252048,2.3010972303953743,1.456682559289251,1.6333500740308562,1.2346771995181984,0.35917842635834235,0.47445137423729966,0.7295390698635627,1.1393675003993298,1.1503329436614311,1.0796358326028592,0.9239451864935401,0.17338632769141551,0.3034571570272054,0.2760879254143394,0.08378085693577456,6.628028329138666,-0.0011293673111800104,-0.004790690195091659,-0.010066205696777466,-0.03243242131440221,0.004305783554478603,-0.004326681514608609
ssirt0667.mp4,168,1.185733484962402,0.5057101861920423,0.4666228505880609,2.337357571203999,1.4830666583363064,1.6702653054524979,1.2295409176336505,0.39505840150801524,0.4778732944302671,0.7519071744463836,1.164717672953564,1.1676235934198889,1.0912348455501613,0.9331366284154582,0.18108545696617323,0.3115934531921334,0.2791725082109657,0.086988325869764,6.9789661055101275,-0.0027285611527468234,-0.005854589874988641,-0.001599193841566813,-0.0010638996798969817,-0.021916534744419767,-0.02341495867412627
ssirt0667.mp4,169,1.0174662160390062,0.6811645808690397,0.4297999812326019,2.2625199654214576,1.377081086895763,1.5976530655197736,2.232307300053537,1.3259344257245806,1.5567944653685444,0.8248214665371834,1.281035014432434,0.5742244509593626,0.5169934810428413,0.4866465562075521,0.3731681707052882,0.32938939921626714,0.3391601542046884,0.11171575943157884,6.550235681624696,-0.0019474086729751507,-0.0367498393143023,0.0007811524797716727,-0.030895249439313658,-0.07811516837249322,-0.11223410241359338
ssirt0667.mp4,170,0.9739971250575913,0.6602291277760799,0.38237809280601587,2.2274616587834886,1.3472060073904712,1.566620250435602,2.2389832608216644,1.3428048670103099,1.5699915830409108,0.8176277681249453,1.2810135645713288,0.5694828049823798,0.5170068041593323,0.4892506580939946,0.3364202278489577,0.32847157273769945,0.34064971136903577,0.11189374644603055,6.581195925260498,0.0024038579164743223,-0.0008510792066839124,0.004351266589449473,0.03589876010761839,0.0005881570125050808,0.004562788275692815
ssirt0667.mp4,171,0.9268989753126357,0.4950522661243586,0.23478718645823107,2.205119811402577,1.3108810126266326,1.544824608998049,2.240209366928513,1.3538558117264916,1.587300970224896,0.7520619431206573,1.2627712767117956,0.5514484735093511,0.4665335702137171,0.4025635426139154,0.3338330702717228,0.34168420935351435,0.3459269312376436,0.11819776999402179,5.99469781436706,-0.013693882677305072,-0.01477825365986343,-0.016097740593779393,-0.013927174453179517,0.06881637988233773,0.018822430993633062
ssirt0667.mp4,172,1.0518049371597789,0.2611909118989422,0.3034725988965788,2.2312762716234946,1.2904670215128569,1.5662719889984587,2.274649000502692,1.3868823845929223,1.631317651870812,0.5714082424682073,1.229238872209742,0.5293410822645448,0.390738285003715,0.32291658489921354,0.40319080081375536,0.3507287791540379,0.35298972268219564,0.12380365449024887,5.784089763674149,-0.00576317841458945,0.0025629665559715247,0.007930704262715622,0.017341220215834955,0.10502892783300073,0.050655851587437746
ssirt0667.mp4,173,1.1540179101989418,0.1787770214033022,0.4108272666305609,2.2403089796724207,1.2739305388101767,1.5704634643871038,2.4193572606899454,1.5103254010076543,1.7701489733743445,0.529180421796032,1.19756173099905,0.4587386025544421,0.3352855916465071,0.28419298681056604,0.4063340708229949,0.354125517301803,0.34480711372409334,0.12210499751688617,5.8349443581652185,-0.006520819299225287,0.0141766811222492,-0.0007576408846358363,0.011613714566277675,0.04106569730700831,0.03786268303323639
ssirt0667.mp4,174,1.260879273893001,0.17289532534463764,0.5114177193463098,2.287016612686396,1.324950538666672,1.5997353446833704,2.452082353075078,1.5444088575242718,1.783849250702013,0.5042968963656647,1.1564726180331237,0.45294608613403403,0.33465115252522687,0.27572817562253804,0.3797366254547408,0.34840982307630186,0.2990849099905512,0.10420412057459962,6.291744579158223,0.015817222941469068,0.010364357045439669,0.022338042240694356,-0.0038123240768095316,0.03260624323476664,0.051342470142863236
ssirt0667.mp4,175,1.2671693347842126,0.17569387617184054,0.5170824374136133,2.295525753657029,1.3254568334563064,1.605186844247567,2.4586115885883686,1.5446547597413398,1.7889443136007173,0.5079713901470332,1.1559334079498502,0.4507032656645616,0.3263495475644105,0.2710502002741713,0.3531898174350698,0.3429439960376297,0.3082270385357115,0.10570461228228138,6.2645034918142555,-0.0020876674991303136,0.0015164978862618344,-0.017904890440599383,-0.008847859159177834,0.0006878242069712646,0.0001704992227914455
ssirt0667.mp4,176,1.27010888423143,0.16171567091542263,0.51711148604315,2.3087507817882837,1.3298610389637269,1.6120735072584542,2.482291951478357,1.557325009867793,1.8049979826243314,0.5066032625905794,1.1542845186045683,0.44323900696703056,0.32826515050956495,0.2755456310783987,0.40526419068609715,0.34176892307347523,0.20574570366083855,0.07031748756715916,7.116973972977519,0.010606972384901705,0.05414335256069686,0.012694639884032018,0.05262685467443503,0.0047669452708090304,0.0018688603672031103
ssirt0667.mp4,177,1.277778470603935,0.17488402979521925,0.5258932675076857,2.3077045320005563,1.339099172915514,1.612960123616357,2.4478932352221427,1.537381792205286,1.773511783937696,0.5056855047033048,1.1477797428898553,0.44970449485920766,0.32988228843158085,0.2713980516058115,0.381255177108639,0.3429637903508864,0.20857999474546512,0.0715353855892727,7.134841850637393,-0.0017771522944053,-0.0034434352565748554,-0.012384124679307005,-0.057586787817271716,0.0029016013872816423,0.001680276371222049
ssirt0667.mp4,178,1.2734663007489693,0.1662581652826835,0.521814638235377,2.304752859447266,1.3335317643815727,1.6093776149268288,2.4539245765183963,1.54041649182349,1.7793377061449827,0.5087232481855122,1.1508579086341448,0.4487516270428285,0.32795617285500617,0.27300870369535607,0.37577810163080844,0.34225605898649014,0.2104822397310576,0.0720388218570014,7.123260743419474,-0.0010061341228818326,-0.00023916967465764758,0.0007710181715234674,0.003204265581917208,0.00044689483970321135,-0.0021167222308602573
ssirt0667.mp4,179,1.2658826303195672,0.16211117363214178,0.5114029180359733,2.309968835657744,1.3375379505668896,1.6078424773567668,2.487472232363098,1.5725433756637368,1.8072773779659403,0.5317655700002984,1.1649564279100946,0.4422914456973319,0.32834299674531486,0.27780615140338855,0.3604137868837914,0.3410723511419177,0.1763094939018413,0.06013429361374262,7.494116878077034,0.006857278333065706,0.024496447211396766,0.007863412455947539,0.024735616886054412,0.0018725777928031595,-0.007080188703661265
ssirt0667.mp4,180,1.259997957758348,0.17915389400593146,0.505252080564303,2.3140413879176758,1.3573530485792045,1.619012966941676,2.482685486717764,1.5860885613507103,1.8115366095029781,0.5496555835654208,1.1658338412634042,0.44422794312002833,0.32273266439494575,0.272475601953353,0.25648091755852076,0.3440359391933951,0.16903446631366412,0.05815393137427574,7.729137131965302,0.0012886786368417995,-0.0014565027814317033,-0.005568599696223906,-0.025952949992828468,-0.006113858989572801,0.0011475793298312159
ssirt0667.mp4,181,1.2552837175085636,0.18601791559528819,0.4969190708864074,2.3159077703110285,1.3599980580963547,1.6173431854867573,2.4901152760509646,1.5965779192433225,1.8146252491399606,0.5302121542710306,1.1709653765171886,0.43656604242106756,0.31584394000438915,0.26852710580449446,0.2887920056343506,0.34539947770799023,0.17097460815121965,0.059054540356759555,7.678984903639272,0.00016904026158006617,-0.0021502975241046007,-0.0011196383752617332,-0.0006937947426728973,-0.003527334539635869,-0.007023924964849709
ssirt0667.mp4,182,1.208276762399142,0.19972050492667998,0.4513713338305098,2.195881994250304,1.2394911581650667,1.4915594793820166,2.586622030389591,1.7290963178220229,1.9200157151293762,0.5702188616207603,1.1333863841689007,0.31225012412746445,0.24331884495780776,0.22199376371305837,0.21788972977358326,0.3430754392377603,0.1614734553773104,0.05539757662880965,7.791581309380411,0.00566102458744754,-0.003055088564503624,0.005491984325867474,-0.0009047910403990234,-0.00987770217414153,-0.03992384482202023
ssirt0667.mp4,183,1.2510286648956594,0.19265796780005665,0.49228542674110876,2.330422421195367,1.3914111221923402,1.6374982526172044,2.5402476600872532,1.6653096544170796,1.8723462274764473,0.5720810241846288,1.1992276673059141,0.4381408815783043,0.323566519262865,0.2779469631959409,0.26412934745090316,0.3463836017671915,0.16573422462500068,0.0574076176617005,7.7391422117786375,0.004525982063648534,-0.0037537477751352823,-0.001135042523799006,-0.0006986592106316583,0.006857143167658313,0.04096110703539612
ssirt0667.mp4,184,1.430078020101422,0.34798880467408405,0.6747302761149135,2.6427710547228136,1.70538988854022,1.9583113732197368,2.715490765193407,1.8405932426774116,2.051450867885952,0.575869415983518,1.2452315712772926,0.4958752135237122,0.3610887927072401,0.3045647136152738,0.2622527659271287,0.3483430831041254,0.15875002276476965,0.05529947237272995,8.087149894535186,0.005589679057380174,0.0032060897574018848,0.0010636969937316398,0.006959837532537167,0.022649369942440274,0.098290139458771
ssirt0667.mp4,185,1.413097606169038,0.31161140389182324,0.6530400960021359,2.6701156198450096,1.7330915715964175,1.9819488997583872,2.6662259321997115,1.7917350397910998,1.9999422560202638,0.6429970583944489,1.286590200437976,0.5394165825930816,0.3869982993423216,0.33614102317360056,0.2899810782036673,0.34826812764024956,0.1590336425536571,0.055386348923970874,7.928966706345618,0.0026312717935640514,-0.007269136620272774,-0.0029584072638161223,-0.01047522637767466,0.010898085265873951,-0.017381074570435234
ssirt0667.mp4,186,1.6825167033678095,0.5983461704630006,0.9479850712220333,2.96566522095388,2.0238183208855296,2.2888044477478635,2.9765193281689983,2.083752713435148,2.313918655132571,0.66517942584907,1.2876877156820374,0.5403059871564972,0.41947376508077255,0.34842665637627684,0.16588670346886333,0.3510473319035933,0.15355210178315185,0.05390405563916444,8.185831252956158,8.553356161485363e-05,0.0017165491310810316,-0.0025457382319491978,0.008985685751353806,0.0441083599251675,0.1552457213157842
ssirt0667.mp4,187,2.860778627398058,1.8785346239459726,2.199592425819838,4.1077574924757645,3.1964738141505125,3.46197306183688,3.69698340697055,2.811974510449812,3.0576461552311827,1.0974776744192956,1.3365475143775567,0.8104361084353977,0.7184844199844839,0.640081450893218,0.5192614956855384,0.35477539724156715,0.16259358586565845,0.057684204014419836,8.121007970593597,0.009207627101989503,-0.0056948731769965455,0.009122093540374649,-0.007411422308077577,0.1541017589405907,0.6130884798821026
ssirt0667.mp4,188,2.9115749028929656,1.9161690566568006,2.238869971764462,4.090612711054707,3.1703178755111248,3.439115447846704,3.5442578950897876,2.647718733437974,2.8988888630855163,0.95575773648693,1.188179447822427,0.7626761227206255,0.6089955643042676,0.526968843476591,0.5357314135496922,0.35376694290784366,0.15720378302287016,0.05561350173354875,8.259889109277587,-0.0025696551994149625,0.004618001582542617,-0.011777282301404466,0.010312874759539162,-0.005076194892348258,0.023525275790581595
ssirt0667.mp4,189,,,,,,,,,,,,,,,,0.35394784311391514,0.15789628888326782,0.0558870508859243,8.224562180849615,0.0023904806295866913,-0.0008918191258424533,0.004960135829001654,-0.00550982070838507,,
ssirt0667.mp4,190,,,,,,,,,,,,,,,,0.35386288636754987,0.15659342017735972,0.055412599650127035,8.233475352187165,-0.0015675747998324123,0.0006068423779029172,-0.003958055429419104,0.0014986615037453706,,
ssirt0667.mp4,191,,,,,,,,,,,,,,,,0.35432821006382176,0.1577571178156586,0.05589779718044976,8.188152212967989,0.0020065930331446703,-0.0013738068261267247,0.0035741678329770828,-0.001980649204029642,,
ssirt0667.mp4,192,,,,,,,,,,,,,,,,0.3583813731372658,0.15975440975356028,0.05725300473221435,7.928804771544172,0.004245869783668137,-0.010535221482504412,0.0022392767505234664,-0.009161414656377688,,
ssirt0667.mp4,193,,,,,,,,,,,,,,,,0.3555632662227654,0.15664712216169296,0.05569796240020809,8.032525588739238,-0.0020179434583826603,-0.0034726220643300646,-0.006263813242050797,0.007062599418174348,,
ssirt0667.mp4,194,,,,,,,,,,,,,,,,0.3542343772207795,0.15173519087402795,0.0537498208417374,8.091995626920989,-6.850792375786854e-05,-0.0003484175175736794,0.0019494355346247917,0.003124204546756385,,
ssirt0667.mp4,195,,,,,,,,,,,,,,,,0.35676906911278383,0.15275792026322882,0.054499301011917,8.14881436192202,-0.000912898486998343,-0.0006605542116180284,-0.0008443905632404744,-0.000312136694044349,,
ssirt0667.mp4,196,,,,,,,,,,,,,,,,0.35553910823585033,0.15314917014962942,0.054450519382059755,8.049325886167088,-0.0064105580254848115,-0.0010286322871924712,-0.005497659538486468,-0.00036807807557444284,,
ssirt0667.mp4,197,,,,,,,,,,,,,,,,0.35472700667466084,0.15439717127724137,0.05476884640621075,8.085884779655307,0.0003125420663746547,0.0011192330029314275,0.006723100091859466,0.0021478652901238985,,
ssirt0667.mp4,198,,,,,,,,,,,,,,,,0.3427985101478132,0.15381803777985625,0.052728594184794766,8.122826948991772,-0.00883103620748619,0.00984102136750272,-0.009143578273860845,0.008721788364571291,,
ssirt0667.mp4,199,,,,,,,,,,,,,,,,0.3514850856964528,0.14765353586748303,0.051898015707766545,8.130025541233,-0.007639241557497235,0.012188735216281228,0.0011917946499889554,0.002347713848778509,,
ssirt0667.mp4,200,,,,,,,,,,,,,,,,0.34706562010787706,0.1497065853416138,0.05195800887582001,8.067901439877327,0.0030889371540530077,0.001022754388409267,0.010728178711550242,-0.011165980827871961,,
ssirt0667.mp4,201,,,,,,,,,,,,,,,,0.34847890904550877,0.14897717855299267,0.05191540465482485,8.095244931267617,-0.0026641069522882373,0.0086903720090011,-0.005753044106341245,0.007667617620591833,,
ssirt0667.mp4,202,,,,,,,,,,,,,,,,0.3463212177921579,0.15066738178312838,0.05217931114068901,8.097650362457477,-0.003947921121170898,0.005290108905562844,-0.0012838141688826608,-0.003400263103438256,,
ssirt0667.mp4,203,,,,,,,,,,,,,,,,0.34558776175411504,0.14948236175309787,0.051659274819972026,8.186998565203355,0.00037051030955438966,5.16849720662251e-05,0.004318431430725288,-0.005238423933496619,,
ssirt0667.mp4,204,,,,,,,,,,,,,,,,0.34921666312925415,0.1527139003027563,0.05333023867718215,8.021098952594098,0.004327349621983708,-0.0075204674648286455,0.003956839312429318,-0.0075721524368948705,,
ssirt0667.mp4,205,,,,,,,,,,,,,,,,0.345768363856401,0.15361161464819367,0.05311403666624588,8.110665833653307,-2.8376063094975138e-06,0.001369550416662856,-0.004330187228293206,0.008890017881491501,,
ssirt0667.mp4,206,,,,,,,,,,,,,,,,0.3465268298105723,0.15240370881208049,0.05281197406602384,8.071131736546201,3.567276503368303e-05,0.0012791523870881087,3.8510371343180546e-05,-9.039802957474738e-05,,
ssirt0667.mp4,207,,,,,,,,,,,,,,,,0.3398619316935412,0.1510893708097442,0.0513495254217614,7.915113237167206,0.0015675747998324123,0.00395886617407896,0.0015319020347987294,0.002679713786990851,,
ssirt0667.mp4,208,,,,,,,,,,,,,,,,0.34621748611951125,0.15541834679648234,0.05380854932472851,8.054348701950925,-0.0024208835543313074,0.003343105604918377,-0.0039884583541637195,-0.0006157605691605827,,
ssirt0667.mp4,209,,,,,,,,,,,,,,,,0.3468528554345949,0.15392607995046756,0.05338970035667342,8.049332702083285,-0.00024362877028685795,-0.0003646324107704305,0.0021772547840444496,-0.0037077380156888074,,
ssirt0667.mp4,210,,,,,,,,,,,,,,,,0.35112118073759535,0.15449004107141961,0.054244725633196454,7.966773697485502,0.002390075257256763,-0.007313322204234949,0.0026337040275436208,-0.006948689793464518,,
ssirt0667.mp4,211,,,,,,,,,,,,,,,,0.3502635053904168,0.15559094184160815,0.05449782869643814,8.016856246698326,-0.0020572645743856975,0.001544671263191468,-0.00444733983164246,0.008857993467426417,,
ssirt0667.mp4,212,,,,,,,,,,,,,,,,0.3522314848427746,0.15749558354369111,0.05547490324777358,7.991637607931002,-0.00024362877028685795,-0.0011542977094705956,0.0018136358040988395,-0.0026989689726620637,,
ssirt0667.mp4,213,,,,,,,,,,,,,,,,0.3498654484826367,0.15543401903304555,0.054380992778455164,8.018270568046779,0.0018018800065309213,0.002507025174441053,0.002045508776817779,0.0036613228839116486,,
ssirt0667.mp4,214,,,,,,,,,,,,,,,,0.35088831837695733,0.15691188527646158,0.055058547558015654,8.05428757349043,-0.0001325567518865267,-0.0006279217390588069,-0.001934436758417448,-0.00313494691349986,,
ssirt0667.mp4,215,,,,,,,,,,,,,,,,0.35081235499005486,0.1567777544496822,0.05499957324854556,8.046201601369535,0.00046820504106708975,-0.00010782903976128305,0.0006007617929536164,0.0005200926992975239,,
ssirt0667.mp4,216,,,,,,,,,,,,,,,,0.3490900107836268,0.153648858332484,0.05363728161217879,7.892625509603767,0.00048360918960436197,0.005990592291679557,1.540414853727222e-05,0.00609842133144084,,
ssirt0667.mp4,217,,,,,,,,,,,,,,,,0.34895596952397834,0.1506264991054738,0.05256201603135326,8.025059268740614,-0.0042560040919163425,0.007406152467788133,-0.0047396132815207045,0.0014155601761085762,,
ssirt0667.mp4,218,,,,,,,,,,,,,,,,0.34640858823715115,0.15062528005052359,0.052177890615127405,7.998534627884318,0.0009404638054334617,-0.0009864735648803143,0.0051964678973498045,-0.008392626032668448,,
ssirt0667.mp4,219,,,,,,,,,,,,,,,,0.3466853978192158,0.15399451723886093,0.053387650470932586,7.853649748609252,-0.0005760340808279952,0.0005095530187201454,-0.001516497886261457,0.0014960265836004598,,
ssirt0667.mp4,220,,,,,,,,,,,,,,,,0.3465571220942294,0.15711520767400525,0.05444939420874045,7.883043954240556,-0.0030828565691040843,0.0025208078336586125,-0.002506822488276089,0.002011254814938467,,
ssirt0667.mp4,221,,,,,,,,,,,,,,,,0.3477118886893588,0.1568269624637099,0.054530599315671745,7.899423316991316,-1.2161169897846488e-06,0.0014291401491615487,0.0030816404521142996,-0.0010916676844970638,,
ssirt0667.mp4,222,,,,,,,,,,,,,,,,0.3468859231719534,0.15586953942726559,0.05406894907861421,7.943372871478565,0.001387184113014356,-0.00036625390009014335,0.0013884002300041407,-0.0017953940492516922,,
ssirt0667.mp4,223,,,,,,,,,,,,,,,,0.3469932917909371,0.15805900950321178,0.054845416004734464,7.943507304945017,-0.0006579192914734949,-0.00048360918960398445,-0.0020451034044878507,-0.0001173552895138411,,
ssirt0667.mp4,224,,,,,,,,,,,,,,,,0.34690289716673556,0.15603091345316267,0.05412757592447431,7.91781239386793,0.0006023832822733293,0.0010689668340203287,0.0012603025737468244,0.0015525760236243132,,
ssirt0667.mp4,225,,,,,,,,,,,,,,,,0.3447252244118677,0.15712336388443415,0.054164386875409115,7.92174486651922,-0.00196808266180149,-0.0010020803995825505,-0.0025704659440748193,-0.002071047233602879,,
ssirt0667.mp4,226,,,,,,,,,,,,,,,,0.34436734374252387,0.15982573144267267,0.055038762598619166,7.909741992779125,0.0009003319447705683,-0.0008506738343539843,0.002868414606572058,0.0001514065652285662,,
ssirt0667.mp4,227,,,,,,,,,,,,,,,,0.3448798109789735,0.15770330879984545,0.05438868732964939,7.843482971506345,0.0017467493696606837,-0.0013306346729893698,0.0008464174248901154,-0.0004799608386353855,,
ssirt0667.mp4,228,,,,,,,,,,,,,,,,0.3429414081737406,0.16115779939866642,0.055267682663959865,7.8954307603926415,-0.0011168007689522357,0.0018330936759353939,-0.002863550138612919,0.0031637283489247634,,
ssirt0667.mp4,229,,,,,,,,,,,,,,,,0.34700385851891413,0.15670209989931297,0.05437623330307795,7.849209000760958,0.004525171318988678,0.0012155089312897564,0.0056419720879409135,-0.0006175847446456375,,
ssirt0667.mp4,230,,,,,,,,,,,,,,,,0.3448835255535437,0.1579257012277903,0.054465972614955914,7.94530132452052,-0.0020438872874980665,0.0017834355655188098,-0.0065690586064867445,0.0005679266342290535,,
ssirt0667.mp4,231,,,,,,,,,,,,,,,,0.34526299267468064,0.15827946789012973,0.05464804276270221,7.821990033010979,0.003558358312109882,-0.0014601511324010574,0.005602245599607949,-0.0032435866979198674,,
ssirt0667.mp4,232,,,,,,,,,,,,,,,,0.3431350183201549,0.15926582058325273,0.05464968026360893,7.8729992317558075,0.0009250596568961895,0.00146582634502043,-0.0026332986552136924,0.0029259774774214875,,
ssirt0667.mp4,233,,,,,,,,,,,,,,,,0.34354554978732355,0.1578371678971059,0.05422425662208534,7.863453667281649,-1.0134308248205406e-05,2.918680775483157e-05,-0.0009351939651443948,-0.0014366395372655983,,
ssirt0667.mp4,234,,,,,,,,,,,,,,,,0.3423335985333425,0.1553871382782945,0.053194238212606645,7.84634492790232,-0.002671403654226945,0.0005780609424772588,-0.0026612693459787395,0.0005488741347224272,,
ssirt0667.mp4,235,,,,,,,,,,,,,,,,0.3411552304634568,0.15625178330434117,0.05330611314351862,7.968717542564351,-0.00046820504106708975,0.004305054143838034,0.0022031986131598553,0.0037269932013607758,,
ssirt0667.mp4,236,,,,,,,,,,,,,,,,0.34180048927632717,0.15729823678238072,0.05376461429452129,7.922450063090689,0.002330485524757315,-0.002146041114640354,0.0027986905658244046,-0.0064510952584783884,,
ssirt0667.mp4,237,,,,,,,,,,,,,,,,0.3422576557870731,0.15563259085654313,0.05326644571062912,7.938395460947354,-0.0006976457798064602,-0.00029227344987786636,-0.003028131304563775,0.0018537676647624878,,
ssirt0667.mp4,238,,,,,,,,,,,,,,,,0.34254374932679416,0.1562510725575853,0.05352282823020822,7.968576100272701,-0.0009291133801954716,0.0005470499592381278,-0.00023146760038901147,0.0008393234091159942,,
ssirt0667.mp4,239,,,,,,,,,,,,,,,,0.3413720905782595,0.15716843683558,0.05365291785547907,7.928750821032614,0.0014220461333881826,-0.0027543022956972654,0.002351159513583654,-0.003301352254935393,,
ssirt0667.mp4,240,,,,,,,,,,,,,,,,0.3395221597179191,0.15668099971818925,0.05319667141108229,7.873445926146757,0.0011411231087479288,-0.001166661565533784,-0.0002809230246402538,0.0015876407301634815,,
ssirt0667.mp4,241,,,,,,,,,,,,,,,,0.3417959992552854,0.1542619081596425,0.052726103046452075,7.94006752711101,-0.0011532842786457752,0.0009246542845666387,-0.002294407387393704,0.0020913158501004226,,
ssirt0667.mp4,242,,,,,,,,,,,,,,,,0.34268958208722855,0.15615448537439122,0.05351251533399637,7.8834677698463125,0.00263613626152319,-0.0008500657758594694,0.003789420540168965,-0.0017747200604261082,,
ssirt0667.mp4,243,,,,,,,,,,,,,,,,0.3437483103808715,0.1559307918232922,0.053600946225608105,7.8437871220573765,0.0007811524797716727,-0.0008869546578833147,-0.0018549837817515174,-3.688888202384524e-05,,
ssirt0667.mp4,244,,,,,,,,,,,,,,,,0.34325028145018593,0.1586372940537535,0.054452295832446804,7.90188588491138,-0.0020442926598279944,-0.0001031672579663535,-0.002825445139599667,0.0007837873999169612,,
ssirt0667.mp4,245,,,,,,,,,,,,,,,,0.3419447220731176,0.15510486652598987,0.05303729047641761,7.848074458843211,0.000459286849808669,-0.0004167227551662063,0.0025035795096366633,-0.00031355549719985277,,
ssirt0667.mp4,246,,,,,,,,,,,,,,,,0.343851267725225,0.15707346714514495,0.05400991080385457,7.892323245572362,0.00014998776207344,0.0007130499283437324,-0.000309299087735229,0.0011297726835099386,,
ssirt0667.mp4,247,,,,,,,,,,,,,,,,0.34186401700364455,0.1539921155610049,0.052644363212574576,7.954576276224359,-0.002596409773190225,-4.803662109687116e-05,-0.002746397535263665,-0.0007610865494406036,,
ssirt0667.mp4,248,,,,,,,,,,,,,,,,0.34098260046942724,0.1538559755722599,0.05246221064838986,7.956433968119662,0.0003778070114930975,-0.000122827815967872,0.0029742167846833227,-7.479119487100083e-05,,
ssirt0667.mp4,249,,,,,,,,,,,,,,,,0.3414520292318997,0.15430327801325192,0.052687167394758844,7.931989429278925,-0.0005172550929884039,-0.0014646102280306452,-0.0008950621044815014,-0.0013417824120627734,,
ssirt0667.mp4,250,,,,,,,,,,,,,,,,0.3446791076695953,0.1526021565021475,0.052598775131616135,7.9182100217704585,-0.00013052989023688562,-0.0012939484771312439,0.00038672520275151825,0.00017066175089940137,,
ssirt0667.mp4,251,,,,,,,,,,,,,,,,0.34430878228425904,0.1513716892276656,0.05211860199028884,7.93550971371452,-0.0007098069497043066,0.0004390182333126357,-0.000579277059467421,0.0017329667104438796,,
ssirt0667.mp4,252,,,,,,,,,,,,,,,,0.3454653352189841,0.15368462671596084,0.05309271108643385,7.927514773076995,3.8510371343180546e-05,-0.00028457137560960777,0.0007483173210474872,-0.0007235896089222435,,
ssirt0667.mp4,253,,,,,,,,,,,,,,,,0.3457197408780628,0.15424725281364365,0.053326320273885924,7.870958401477094,0.00016377042129099936,-0.0008679021583763109,0.0001252600499478188,-0.0005833307827667032,,
ssirt0667.mp4,254,,,,,,,,,,,,,,,,0.34653629135575115,0.15567690191277136,0.053947696238604834,7.907157809159561,0.0008589839671178902,0.00021079361156267244,0.0006952135458268909,0.0010786957699389834,,
ssirt0667.mp4,255,,,,,,,,,,,,,,,,0.3458582974298979,0.15499490263845658,0.05360627313684938,7.962451855821285,-0.0014812304935577021,0.0017110766046270008,-0.0023402144606755925,0.0015002829930643284,,
ssirt0667.mp4,256,,,,,,,,,,,,,,,,0.3458760609287382,0.15382608503671902,0.053204760360589486,7.9206628009289695,0.00017390472953920477,-0.0009278972632060645,0.001655135223096907,-0.002638973867833065,,
ssirt0667.mp4,257,,,,,,,,,,,,,,,,0.344944712063984,0.1545947971115104,0.053326657776219984,7.932316786326162,0.0010219436437490332,-0.00040618307458769513,0.0008480389142098285,0.0005217141886183693,,
ssirt0667.mp4,258,,,,,,,,,,,,,,,,0.34427215865905775,0.15252616353967008,0.05251051157378669,7.952146804409532,-0.0006048155162528986,-0.00014958238974388933,-0.0016267591600019318,0.0002566006848438058,,
ssirt0667.mp4,259,,,,,,,,,,,,,,,,0.3451449450903201,0.15352098295663386,0.05298699123277936,7.900826893740919,0.0013000290620797895,-0.0013995479690771665,0.001904844578332688,-0.0012499655793332771,,
ssirt0667.mp4,260,,,,,,,,,,,,,,,,0.3451630779705464,0.152734981385191,0.05271847628868664,7.921820086015461,-0.0027273450357570388,-0.00034031007097436,-0.004027374097836828,0.0010592378981028065,,
ssirt0667.mp4,261,,,,,,,,,,,,,,,,0.34418559396981235,0.15402527558703732,0.05301328096428848,7.870396988561164,-0.0005509009963724458,-0.0018284318941412193,0.002176444039384593,-0.0014881218231668593,,
ssirt0667.mp4,262,,,,,,,,,,,,,,,,0.3440336024029546,0.15544066798221884,0.053476812965844354,7.896414451213235,-0.0025129030732250124,-0.0007373722681398028,-0.0019620020768525664,0.0010910596260014166,,
ssirt0667.mp4,263,,,,,,,,,,,,,,,,0.3446796411257019,0.15362732985305355,0.052952212920850325,7.8987417248835765,-5.3509147550524545e-05,-0.0024924317705636375,0.002459393925674488,-0.0017550595024238345,,
ssirt0667.mp4,264,,,,,,,,,,,,,,,,0.34674011894602313,0.15471514041937096,0.053645946191763355,7.951494881303067,-0.0013677262411778016,-0.0010495089621837743,-0.001314217093627277,0.0014429228083798632,,
ssirt0667.mp4,265,,,,,,,,,,,,,,,,0.3432709628738351,0.154032624896738,0.052874927462287516,7.947274263164024,0.0005403613157943122,0.0008202709096097456,0.0019080875569721138,0.00186977987179352,,
ssirt0667.mp4,266,,,,,,,,,,,,,,,,0.34369795749430687,0.1561435423339436,0.05366621657610225,7.901721694863338,-0.0008650645520668134,-0.0014542732336174757,-0.0014054258678611255,-0.002274544143227221,,
ssirt0667.mp4,267,,,,,,,,,,,,,,,,0.34647540513636116,0.15482728022252085,0.05364384464125883,7.870164584231863,-2.148473348619546e-05,-0.000724603039747064,0.0008435798185806179,0.0007296701938704117,,
ssirt0667.mp4,268,,,,,,,,,,,,,,,,0.34439095769366085,0.15520506715638266,0.05345122171689557,7.9154091770091055,0.0010077556122015455,0.0005476580177333977,0.0010292403456877409,0.0012722610574804616,,
ssirt0667.mp4,269,,,,,,,,,,,,,,,,0.3463540097772019,0.15631211058478614,0.05413932627777808,7.903198853111059,-0.0008054748195673656,-0.001248546776178906,-0.001813230431768911,-0.0017962047939123035,,
ssirt0667.mp4,270,,,,,,,,,,,,,,,,0.34663784236030065,0.155932349986052,0.05405205335333632,7.860768918331602,0.00040496695759828803,-0.0011121389871580612,0.0012104417771656537,0.00013640778902084482,,
ssirt0667.mp4,271,,,,,,,,,,,,,,,,0.34579335141166795,0.15562229552046564,0.053813155122398815,7.841060235776471,-0.0003867252027515183,-0.0011824710864006068,-0.0007916921603498063,-7.03320992425456e-05,,
ssirt0667.mp4,272,,,,,,,,,,,,,,,,0.34461064294317206,0.15589268156837252,0.05372227722541204,7.877691825339988,0.00010093771015212584,0.0007483173210474872,0.00048766291290364415,0.001930788407448094,,
ssirt0667.mp4,273,,,,,,,,,,,,,,,,0.34499867715931903,0.15511676224131685,0.05351507777849092,7.895123556581093,0.001195848373288238,0.000524146422596806,0.0010949106631361121,-0.00022417089845068114,,
ssirt0667.mp4,274,,,,,,,,,,,,,,,,0.3447561067382599,0.15638388985572782,0.053914301023245584,7.858949179171676,-0.0009408691777633898,-0.001476163339433222,-0.0021367175510516277,-0.002000309762030028,,
ssirt0667.mp4,275,,,,,,,,,,,,,,,,0.3424990130017638,0.1550208653111418,0.05309449336374542,7.894694732564431,0.0007531817890066258,0.0017947859907571774,0.0016940509667700155,0.0032709493301903993,,
ssirt0667.mp4,276,,,,,,,,,,,,,,,,0.34387020793740375,0.15328073555039678,0.05270867840651314,7.897174844133847,-3.5267392703754816e-05,0.001048698217523918,-0.0007884491817103806,-0.0007460877732332594,,
ssirt0667.mp4,277,,,,,,,,,,,,,,,,0.3441795228949309,0.15280038034133603,0.052590762004045014,7.9020236506779815,0.0005448204114235226,0.000461111025293346,0.0005800878041272774,-0.000587587192230572,,
ssirt0667.mp4,278,,,,,,,,,,,,,,,,0.34282994667036226,0.15233935531267132,0.052226493057640475,7.918167535177771,5.9995104829376005e-05,0.00048016352480034964,-0.00048482530659414664,1.9052499507003664e-05,,
ssirt0667.mp4,279,,,,,,,,,,,,,,,,0.3419615456701237,0.15256736862009976,0.052172173192152844,7.969001035878937,8.512818928492541e-06,-0.0012396285849208628,-5.1482285900883466e-05,-0.0017197921097212125,,
ssirt0667.mp4,280,,,,,,,,,,,,,,,,0.33922352217058027,0.15579156436042108,0.052848163186806685,7.878047083605759,-0.0010446444942250133,0.0005833307827667032,-0.0010531573131535058,0.001822959367687566,,
ssirt0667.mp4,281,,,,,,,,,,,,,,,,0.3372404895920388,0.15643285584098643,0.052755492892095086,7.845461491671222,-0.0008330401380024844,-0.00018647127176660194,0.0002116043562225289,-0.0007698020545333052,,
ssirt0667.mp4,282,,,,,,,,,,,,,,,,0.3407253344814109,0.15518113594441085,0.052874144449864685,7.892345110391343,-0.00015404148537272218,0.000810947346021019,0.0006789986526297622,0.0009974186177876209,,
ssirt0667.mp4,283,,,,,,,,,,,,,,,,0.345172923086118,0.15583931119206398,0.05379151057589191,7.96458232364112,0.0014139386867896182,-0.00013397555504089794,0.0015679801721623404,-0.000944922901061917,,
ssirt0667.mp4,284,,,,,,,,,,,,,,,,0.3439069111789706,0.15438682062253214,0.05309469460703683,7.979951400788439,-0.00028578749259939245,0.00047631248766527654,-0.0016997261793890107,0.0006102880427061745,,
ssirt0667.mp4,285,,,,,,,,,,,,,,,,0.3435729801740263,0.15502967098306206,0.05326400607504941,7.982674280028384,-0.00036321360761568176,0.0004977972211518496,-7.742611501628931e-05,2.148473348657302e-05,,
ssirt0667.mp4,286,,,,,,,,,,,,,,,,0.33739678383704674,0.15417418320102405,0.052017873562729154,7.941171037827842,0.001194226883968525,-0.0007775041288023188,0.0015574404915842067,-0.0012753013499541685,,
ssirt0667.mp4,287,,,,,,,,,,,,,,,,0.3382499529260311,0.15484816279929708,0.05237738377754464,7.898511430173717,0.000359970628976256,0.000557792325981603,-0.000834256254992269,0.0013352964547839218,,
ssirt0667.mp4,288,,,,,,,,,,,,,,,,0.33660755245713636,0.15471828836850726,0.052079344368080656,7.9253037583264945,0.00010215382714191049,1.621489319712865e-05,-0.0002578168018343455,-0.0005415774327844744,,
ssirt0667.mp4,289,,,,,,,,,,,,,,,,0.3372565929319694,0.1581207577618671,0.05332726803458855,7.918442506172342,-0.00023146760038901147,-0.0018936968392600398,-0.00033362142753092194,-0.0019099117324571685,,
ssirt0667.mp4,290,,,,,,,,,,,,,,,,0.33671493945524966,0.15770052408168198,0.05310012241822469,7.933372328359371,0.0009108716253487019,0.001520348923395775,0.0011423392257377133,0.0034140457626558145,,
ssirt0667.mp4,291,,,,,,,,,,,,,,,,0.3400257566088221,0.15793988681490584,0.05370362951295009,7.916661771521717,0.00014552866644422963,0.00013742121984604283,-0.0007653429589044723,-0.001382927703549732,,
ssirt0667.mp4,292,,,,,,,,,,,,,,,,0.33956482729234827,0.15753694791143275,0.05349400650970933,7.922824914527417,0.0007203466302824402,0.0002505200998956376,0.0005748179638382107,0.00011309888004959478,,
ssirt0667.mp4,293,,,,,,,,,,,,,,,,0.3418064489853319,0.15775639429907803,0.05392215294009772,7.9488536082101655,0.0011095040670135278,0.0022996772276827706,0.0003891574367310876,0.002049157127787133,,
ssirt0667.mp4,294,,,,,,,,,,,,,,,,0.34170535357491266,0.15719400958426802,0.05371403462485051,7.979553248760041,-0.00035348467169740456,-2.189010581650121e-05,-0.0014629887387109324,-0.0023215673334992717,,
ssirt0667.mp4,295,,,,,,,,,,,,,,,,0.34113361896722444,0.1599886630243095,0.054577511611210466,7.9292036886531445,0.0011613917252443395,0.0011182195721069846,0.001514876396941744,0.0011401096779234858,,
ssirt0667.mp4,296,,,,,,,,,,,,,,,,0.342893394273293,0.1597795634864798,0.05478735685938416,7.9147463754207354,-0.0010632916214017112,0.0006937947426725196,-0.0022246833466460507,-0.00042442482943446497,,
